Timestamp;Event;PosX;PosY;PosZ;RotX;RotY;RotZ;RotW
2024-05-18 21:48:59.596;End;0;0.01;0.02;0;0;1;0;0;0
Summary;Difference;0;0;0;0;0;0;0;0
2024-05-18 21:49:00.526;End;0;0.01;0.02;0;0;1;0;0;0
Summary;Difference;0;0;0;0;0;0;0;0
2024-05-18 21:49:06.092;End;-0.31;0.01;0.02;0;0;1;0;0.3;0
Summary;Difference;-0,3;0;0;0;0;0;0,3;0
2024-05-18 21:49:09.597;End;-0.31;0.01;0.02;0;0;1;0;0;0
Summary;Difference;0;0;0;0;0;0;0;0
2024-05-18 21:49:15.104;End;-0.2;0.09;0.02;0;0;1;0;0.14;0
Summary;Difference;0,11;0,08;0;0;0;0;0,14;0
2024-05-18 21:49:19.772;End;-0.7;0.09;0.02;0;0;1;0;0.5;0
Summary;Difference;-0,5;0;0;0;0;0;0,5;0
