SceneName;GyroQuaternion_W;GyroQuaternion_X;GyroQuaternion_Y;GyroQuaternion_Z;Flex Thumb;Flex Index;Flex Middle;HandPoz_X;HandPoz_Y;HandPoz_Z;HandRot_X;HandRot_Y;HandRot_Z;ThumbRot_Z;IndexRot_X;MiddleRot_X;Hand Condition;Time;Timestamp
SceneName;3?>*......>......1.00;0.00;0.00;0.00;635;688;690;-0.7058;1.402421;-0.03080001;0;0;0;350;59.99999;59.99999;Normal;0;0
SceneName;1.00;0.00;0.00;0.00;635;688;690;-0.7058;1.402421;-0.03080001;0;0;0;0;0;0;Normal;0.02;0.02
SceneName;1.00;0.00;0.00;0.00;635;687;691;-0.7058;1.402421;-0.03080001;0;0;0;355.4;4.800006;4;Normal;0.3333333;0.3533334
SceneName;1.00;0.00;0.00;0.00;635;688;690;-0.7058;1.402421;-0.03080001;0;0;0;355.4;5.199996;3.600011;Normal;0.13981;0.4931433
SceneName;1.00;0.00;0.00;0.00;635;688;691;-0.7058;1.402421;-0.03080001;0;0;0;355.4;4.800006;4;Normal;0.04006359;0.5332069
SceneName;1.00;0.00;0.00;0.00;635;688;690;-0.7058;1.402421;-0.03080001;0;0;0;355.4;4.800006;3.600011;Normal;0.01013881;0.5433457
SceneName;1.00;0.00;0.00;0.00;635;688;690;-0.7058;1.402421;-0.03080001;0;0;0;355.4;4.800006;4;Normal;0.02442092;0.5677667
SceneName;1.00;0.00;0.00;0.00;635;688;691;-0.7058;1.402421;-0.03080001;0;0;0;355.4;4.800006;4;Normal;0.02347195;0.5912386
SceneName;1.00;0.00;0.00;0.00;635;688;691;-0.7058;1.402421;-0.03080001;0;0;0;355.4;4.800006;3.600011;Normal;0.02633661;0.6175752
SceneName;1.00;0.00;0.00;0.00;635;689;690;-0.7058;1.402421;-0.03080001;0;0;0;355.4;4.800006;3.600011;Normal;0.02306163;0.6406369
SceneName;1.00;0.00;0.00;0.00;635;688;690;-0.7058;1.402421;-0.03080001;0;0;0;355.4;4.39999;4;Normal;0.02726871;0.6679056
SceneName;1.00;0.00;0.00;0.00;635;688;690;-0.7058;1.402421;-0.03080001;0;0;0;355.4;4.800006;4;Normal;0.02606148;0.693967
SceneName;1.00;0.00;0.00;0.00;635;689;690;-0.7058;1.402421;-0.03080001;0;0;0;355.4;4.800006;4;Normal;0.0190571;0.7130241
SceneName;1.00;0.00;0.00;0.00;635;688;691;-0.7058;1.402421;-0.03080001;0;0;0;355.4;4.39999;4;Normal;0.02736533;0.7403895
SceneName;1.00;0.00;0.00;0.00;635;687;690;-0.7058;1.402421;-0.03080001;0;0;0;355.4;4.800006;3.600011;Normal;0.01905978;0.7594492
SceneName;1.00;0.00;0.00;0.00;636;688;690;-0.7058;1.402421;-0.03080001;0;0;0;355.4;5.199996;4;Normal;0.0234859;0.7829351
SceneName;1.00;0.00;0.00;0.00;635;688;690;-0.7058;1.402421;-0.03080001;0;0;0;355.64;4.800006;4;Normal;0.02392721;0.8068624
SceneName;1.00;0.00;0.00;0.00;635;688;691;-0.7058;1.402421;-0.03080001;0;0;0;355.4;4.800006;4;Normal;0.01449811;0.8213605
SceneName;1.00;0.00;0.00;0.00;635;688;690;-0.7058;1.402421;-0.03080001;0;0;0;355.4;4.800006;3.600011;Normal;0.006274998;0.8276355
SceneName;1.00;0.00;0.00;0.00;636;687;690;-0.7058;1.402421;-0.03080001;0;0;0;355.4;4.800006;4;Normal;0.006190062;0.8338255
SceneName;1.00;0.00;0.00;0.00;635;688;690;-0.7058;1.402421;-0.03080001;0;0;0;355.64;5.199996;4;Normal;0.005962133;0.8397877
SceneName;1.00;0.00;0.00;0.00;635;688;690;-0.7058;1.402421;-0.03080001;0;0;0;355.4;4.800006;4;Normal;0.006166577;0.8459542
SceneName;1.00;0.00;0.00;0.00;636;688;691;-0.7058;1.402421;-0.03080001;0;0;0;355.4;4.800006;4;Normal;0.006498814;0.8524531
SceneName;1.00;0.00;0.00;0.00;636;689;690;-0.7058;1.402421;-0.03080001;0;0;0;355.64;4.800006;3.600011;Normal;0.006140769;0.8585938
SceneName;1.00;0.00;0.00;0.00;636;688;690;-0.7058;1.402421;-0.03080001;0;0;0;355.64;4.39999;4;Normal;0.01708484;0.8756787
SceneName;1.00;0.00;0.00;0.00;635;688;690;-0.7058;1.402421;-0.03080001;0;0;0;355.64;4.800006;4;Normal;0.009055495;0.8847342
SceneName;1.00;0.00;0.00;0.00;635;688;690;-0.7058;1.402421;-0.03080001;0;0;0;355.4;4.800006;4;Normal;0.007054806;0.891789
SceneName;1.00;0.00;0.00;0.00;635;688;690;-0.7058;1.402421;-0.03080001;0;0;0;355.4;4.800006;4;Normal;0.005487204;0.8972762
SceneName;1.00;0.00;0.00;0.00;635;688;691;-0.7058;1.402421;-0.03080001;0;0;0;355.4;4.800006;4;Normal;0.005554378;0.9028305
SceneName;1.00;0.00;0.00;0.00;635;688;690;-0.7058;1.402421;-0.03080001;0;0;0;355.4;4.800006;3.600011;Normal;0.006466329;0.9092969
SceneName;1.00;0.00;0.00;0.00;635;688;691;-0.7058;1.402421;-0.03080001;0;0;0;355.4;4.800006;4;Normal;0.00583595;0.9151328
SceneName;1.00;0.00;0.00;0.00;635;686;690;-0.7058;1.402421;-0.03080001;0;0;0;355.4;4.800006;3.600011;Normal;0.005649805;0.9207826
SceneName;1.00;0.00;0.00;0.00;635;688;690;-0.7058;1.402421;-0.03080001;0;0;0;355.4;5.600012;4;Normal;0.005908012;0.9266906
SceneName;1.00;0.00;0.00;0.00;635;688;690;-0.7058;1.402421;-0.03080001;0;0;0;355.4;4.800006;4;Normal;0.005780399;0.932471
SceneName;1.00;0.00;0.00;0.00;635;688;690;-0.7058;1.402421;-0.03080001;0;0;0;355.4;4.800006;4;Normal;0.006017685;0.9384887
SceneName;1.00;0.00;0.00;0.00;635;688;690;-0.7058;1.402421;-0.03080001;0;0;0;355.4;4.800006;4;Normal;0.005390644;0.9438794
SceneName;1.00;0.00;0.00;0.00;635;687;691;-0.7058;1.402421;-0.03080001;0;0;0;355.4;4.800006;4;Normal;0.006212175;0.9500915
SceneName;1.00;0.00;0.00;0.00;635;688;690;-0.7058;1.402421;-0.03080001;0;0;0;355.4;5.199996;3.600011;Normal;0.006029487;0.956121
SceneName;1.00;0.00;0.00;0.00;635;688;690;-0.7058;1.402421;-0.03080001;0;0;0;355.4;4.800006;4;Normal;0.005949497;0.9620705
SceneName;1.00;0.00;0.00;0.00;635;688;691;-0.7058;1.402421;-0.03080001;0;0;0;355.4;4.800006;4;Normal;0.006349623;0.9684201
SceneName;1.00;0.00;0.00;0.00;635;688;690;-0.7058;1.402421;-0.03080001;0;0;0;355.4;4.800006;3.600011;Normal;0.005820811;0.974241
SceneName;1.00;0.00;0.00;0.00;635;688;690;-0.7058;1.402421;-0.03080001;0;0;0;355.4;4.800006;4;Normal;0.005456865;0.9796978
SceneName;1.00;0.00;0.00;0.00;635;688;691;-0.7058;1.402421;-0.03080001;0;0;0;355.4;4.800006;4;Normal;0.005429626;0.9851274
SceneName;1.00;0.00;0.00;0.00;634;688;690;-0.7058;1.402421;-0.03080001;0;0;0;355.4;4.800006;3.600011;Normal;0.006329596;0.991457
SceneName;1.00;0.00;0.00;0.00;635;687;691;-0.7058;1.402421;-0.03080001;0;0;0;355.16;4.800006;4;Normal;0.006149292;0.9976063
SceneName;1.00;0.00;0.00;0.00;635;688;690;-0.7058;1.402421;-0.03080001;0;0;0;355.4;5.199996;3.600011;Normal;0.005593002;1.003199
SceneName;1.00;0.00;0.00;0.00;636;688;690;-0.7058;1.402421;-0.03080001;0;0;0;355.4;4.800006;4;Normal;0.006062508;1.009262
SceneName;1.00;0.00;0.00;0.00;636;688;691;-0.7058;1.402421;-0.03080001;0;0;0;355.64;4.800006;4;Normal;0.004784465;1.014046
SceneName;1.00;0.00;0.00;0.00;636;688;690;-0.7058;1.402421;-0.03080001;0;0;0;355.64;4.800006;3.600011;Normal;0.00584507;1.019891
SceneName;1.00;0.00;0.00;0.00;635;688;690;-0.7058;1.402421;-0.03080001;0;0;0;355.64;4.800006;4;Normal;0.004984498;1.024876
SceneName;1.00;0.00;0.00;0.00;635;688;691;-0.7058;1.402421;-0.03080001;0;0;0;355.4;4.800006;4;Normal;0.006150365;1.031026
SceneName;1.00;0.00;0.00;0.00;636;689;690;-0.7058;1.402421;-0.03080001;0;0;0;355.4;4.800006;3.600011;Normal;0.005200744;1.036227
SceneName;1.00;0.00;0.00;0.00;635;688;690;-0.7058;1.402421;-0.03080001;0;0;0;355.64;4.39999;4;Normal;0.005161166;1.041388
SceneName;1.00;0.00;0.00;0.00;635;687;691;-0.7058;1.402421;-0.03080001;0;0;0;355.4;4.800006;4;Normal;0.005779743;1.047168
SceneName;1.00;0.00;0.00;0.00;635;688;690;-0.7058;1.402421;-0.03080001;0;0;0;355.4;5.199996;3.600011;Normal;0.005814791;1.052983
SceneName;1.00;0.00;0.00;0.00;635;688;690;-0.7058;1.402421;-0.03080001;0;0;0;355.4;4.800006;4;Normal;0.00522995;1.058213
SceneName;1.00;0.00;0.00;0.00;635;688;691;-0.7058;1.402421;-0.03080001;0;0;0;355.4;4.800006;4;Normal;0.0115;1.069713
SceneName;1.00;0.00;0.00;0.00;636;688;691;-0.7058;1.402421;-0.03080001;0;0;0;355.4;4.800006;3.600011;Normal;0.007980347;1.077693
SceneName;1.00;0.00;0.00;0.00;635;688;690;-0.7058;1.402421;-0.03080001;0;0;0;355.64;4.800006;3.600011;Normal;0.006316781;1.08401
SceneName;1.00;0.00;0.00;0.00;636;688;690;-0.7058;1.402421;-0.03080001;0;0;0;355.4;4.800006;4;Normal;0.005785823;1.089796
SceneName;1.00;0.00;0.00;0.00;636;687;690;-0.7058;1.402421;-0.03080001;0;0;0;355.64;4.800006;4;Normal;0.005262971;1.095059
SceneName;1.00;0.00;0.00;0.00;636;688;691;-0.7058;1.402421;-0.03080001;0;0;0;355.64;5.199996;4;Normal;0.006011724;1.10107
SceneName;1.00;0.00;0.00;0.00;635;687;691;-0.7058;1.402421;-0.03080001;0;0;0;355.64;4.800006;3.600011;Normal;0.008059025;1.109129
SceneName;1.00;0.00;0.00;0.00;635;688;690;-0.7058;1.402421;-0.03080001;0;0;0;355.4;5.199996;3.600011;Normal;0.005122304;1.114252
SceneName;1.00;0.00;0.00;0.00;635;687;690;-0.7058;1.402421;-0.03080001;0;0;0;355.4;4.800006;4;Normal;0.00645268;1.120704
SceneName;1.00;0.00;0.00;0.00;635;687;690;-0.7058;1.402421;-0.03080001;0;0;0;355.4;5.199996;4;Normal;0.005901814;1.126606
SceneName;1.00;0.00;0.00;0.00;635;688;691;-0.7058;1.402421;-0.03080001;0;0;0;355.4;5.199996;4;Normal;0.005393386;1.131999
SceneName;1.00;0.00;0.00;0.00;636;688;690;-0.7058;1.402421;-0.03080001;0;0;0;355.4;4.800006;3.600011;Normal;0.005744934;1.137744
SceneName;1.00;0.00;0.00;0.00;636;688;691;-0.7058;1.402421;-0.03080001;0;0;0;355.64;4.800006;4;Normal;0.00572288;1.143467
SceneName;1.00;0.00;0.00;0.00;635;688;690;-0.7058;1.402421;-0.03080001;0;0;0;355.64;4.800006;3.600011;Normal;0.005987644;1.149455
SceneName;1.00;0.00;0.00;0.00;635;687;690;-0.7058;1.402421;-0.03080001;0;0;0;355.4;4.800006;4;Normal;0.00560534;1.15506
SceneName;1.00;0.00;0.00;0.00;635;688;690;-0.7058;1.402421;-0.03080001;0;0;0;355.4;5.199996;4;Normal;0.005732059;1.160792
SceneName;1.00;0.00;0.00;0.00;636;687;691;-0.7058;1.402421;-0.03080001;0;0;0;355.4;4.800006;4;Normal;0.006510496;1.167303
SceneName;1.00;0.00;0.00;0.00;635;688;691;-0.7058;1.402421;-0.03080001;0;0;0;355.64;5.199996;3.600011;Normal;0.006001592;1.173304
SceneName;1.00;0.00;0.00;0.00;635;687;690;-0.7058;1.402421;-0.03080001;0;0;0;355.4;4.800006;3.600011;Normal;0.005706549;1.179011
SceneName;1.00;0.00;0.00;0.00;635;688;691;-0.7058;1.402421;-0.03080001;0;0;0;355.4;5.199996;4;Normal;0.005574942;1.184586
SceneName;1.00;0.00;0.00;0.00;635;688;690;-0.7058;1.402421;-0.03080001;0;0;0;355.4;4.800006;3.600011;Normal;0.006486893;1.191073
SceneName;1.00;0.00;0.00;0.00;635;688;691;-0.7058;1.402421;-0.03080001;0;0;0;355.4;4.800006;4;Normal;0.005962014;1.197035
SceneName;1.00;0.00;0.00;0.00;635;687;690;-0.7058;1.402421;-0.03080001;0;0;0;355.4;4.800006;3.600011;Normal;0.005975485;1.20301
SceneName;1.00;0.00;0.00;0.00;635;687;691;-0.7058;1.402421;-0.03080001;0;0;0;355.4;5.199996;4;Normal;0.006166816;1.209177
SceneName;1.00;0.00;0.00;0.00;636;687;690;-0.7058;1.402421;-0.03080001;0;0;0;355.4;5.199996;3.600011;Normal;0.005676985;1.214854
SceneName;1.00;0.00;0.00;0.00;635;688;690;-0.7058;1.402421;-0.03080001;0;0;0;355.64;5.199996;4;Normal;0.00600183;1.220856
SceneName;1.00;0.00;0.00;0.00;635;688;690;-0.7058;1.402421;-0.03080001;0;0;0;355.4;4.800006;4;Normal;0.007737637;1.228594
SceneName;1.00;0.00;0.00;0.00;635;688;690;-0.7058;1.402421;-0.03080001;0;0;0;355.4;4.800006;4;Normal;0.006431937;1.235026
SceneName;1.00;0.00;0.00;0.00;635;687;690;-0.7058;1.402421;-0.03080001;0;0;0;355.4;4.800006;4;Normal;0.005857944;1.240883
SceneName;1.00;0.00;0.00;0.00;636;687;690;-0.7058;1.402421;-0.03080001;0;0;0;355.4;5.199996;4;Normal;0.005866408;1.24675
SceneName;1.00;0.00;0.00;0.00;636;688;690;-0.7058;1.402421;-0.03080001;0;0;0;355.64;5.199996;4;Normal;0.005399227;1.252149
SceneName;1.00;0.00;0.00;0.00;635;688;691;-0.7058;1.402421;-0.03080001;0;0;0;355.64;4.800006;4;Normal;0.00550437;1.257653
SceneName;1.00;0.00;0.00;0.00;635;688;690;-0.7058;1.402421;-0.03080001;0;0;0;355.4;4.800006;3.600011;Normal;0.006032825;1.263686
SceneName;1.00;0.00;0.00;0.00;635;688;690;-0.7058;1.402421;-0.03080001;0;0;0;355.4;4.800006;4;Normal;0.006270885;1.269957
SceneName;1.00;0.00;0.00;0.00;636;688;690;-0.7058;1.402421;-0.03080001;0;0;0;355.4;4.800006;4;Normal;0.005350709;1.275308
SceneName;1.00;0.00;0.00;0.00;636;688;690;-0.7058;1.402421;-0.03080001;0;0;0;355.64;4.800006;4;Normal;0.005641699;1.28095
SceneName;1.00;0.00;0.00;0.00;636;688;690;-0.7058;1.402421;-0.03080001;0;0;0;355.64;4.800006;4;Normal;0.005549908;1.2865
SceneName;1.00;0.00;0.00;0.00;636;688;690;-0.7058;1.402421;-0.03080001;0;0;0;355.64;4.800006;4;Normal;0.005544186;1.292044
SceneName;1.00;0.00;0.00;0.00;635;688;690;-0.7058;1.402421;-0.03080001;0;0;0;355.64;4.800006;4;Normal;0.005482316;1.297526
SceneName;1.00;0.00;0.00;0.00;636;688;690;-0.7058;1.402421;-0.03080001;0;0;0;355.4;4.800006;4;Normal;0.005652905;1.303179
SceneName;1.00;0.00;0.00;0.00;636;688;691;-0.7058;1.402421;-0.03080001;0;0;0;355.64;4.800006;4;Normal;0.007465839;1.310645
SceneName;1.00;0.00;0.00;0.00;636;688;690;-0.7058;1.402421;-0.03080001;0;0;0;355.64;4.800006;3.600011;Normal;0.006378055;1.317023
SceneName;1.00;0.00;0.00;0.00;636;688;691;-0.7058;1.402421;-0.03080001;0;0;0;355.64;4.800006;4;Normal;0.005621076;1.322644
SceneName;1.00;0.00;0.00;0.00;635;687;690;-0.7058;1.402421;-0.03080001;0;0;0;355.64;4.800006;3.600011;Normal;0.006114602;1.328758
SceneName;1.00;0.00;0.00;0.00;635;688;690;-0.7058;1.402421;-0.03080001;0;0;0;355.4;5.199996;4;Normal;0.005691648;1.33445
SceneName;1.00;0.00;0.00;0.00;636;688;690;-0.7058;1.402421;-0.03080001;0;0;0;355.4;4.800006;4;Normal;0.005615592;1.340066
SceneName;1.00;0.00;0.00;0.00;635;688;690;-0.7058;1.402421;-0.03080001;0;0;0;355.64;4.800006;4;Normal;0.005970478;1.346036
SceneName;1.00;0.00;0.00;0.00;635;687;690;-0.7058;1.402421;-0.03080001;0;0;0;355.4;4.800006;4;Normal;0.005539298;1.351575
SceneName;1.00;0.00;0.00;0.00;635;687;690;-0.7058;1.402421;-0.03080001;0;0;0;355.4;5.199996;4;Normal;0.005714893;1.35729
SceneName;1.00;0.00;0.00;0.00;635;687;690;-0.7058;1.402421;-0.03080001;0;0;0;355.4;5.199996;4;Normal;0.004731536;1.362022
SceneName;1.00;0.00;0.00;0.00;635;687;690;-0.7058;1.402421;-0.03080001;0;0;0;355.4;5.199996;4;Normal;0.006093979;1.368116
SceneName;1.00;0.00;0.00;0.00;635;687;690;-0.7058;1.402421;-0.03080001;0;0;0;355.4;5.199996;4;Normal;0.0054667;1.373583
SceneName;1.00;0.00;0.00;0.00;636;688;691;-0.7058;1.402421;-0.03080001;0;0;0;355.4;5.199996;4;Normal;0.005645871;1.379228
SceneName;1.00;0.00;0.00;0.00;635;688;691;-0.7058;1.402421;-0.03080001;0;0;0;355.64;4.800006;3.600011;Normal;0.005401373;1.38463
SceneName;1.00;0.00;0.00;0.00;636;688;690;-0.7058;1.402421;-0.03080001;0;0;0;355.4;4.800006;3.600011;Normal;0.005898952;1.390529
SceneName;1.00;0.00;0.00;0.00;635;687;691;-0.7058;1.402421;-0.03080001;0;0;0;355.64;4.800006;4;Normal;0.005430698;1.395959
SceneName;1.00;0.00;0.00;0.00;635;688;691;-0.7058;1.402421;-0.03080001;0;0;0;355.4;5.199996;3.600011;Normal;0.005509496;1.401469
SceneName;1.00;0.00;0.00;0.00;635;688;690;-0.7058;1.402421;-0.03080001;0;0;0;355.4;4.800006;3.600011;Normal;0.01101255;1.412482
SceneName;1.00;0.00;0.00;0.00;635;688;690;-0.7058;1.402421;-0.03080001;0;0;0;355.4;4.800006;4;Normal;0.007448792;1.41993
SceneName;1.00;0.00;0.00;0.00;635;688;690;-0.7058;1.402421;-0.03080001;0;0;0;355.4;4.800006;4;Normal;0.005761385;1.425692
SceneName;1.00;0.00;0.00;0.00;635;688;690;-0.7058;1.402421;-0.03080001;0;0;0;355.4;4.800006;4;Normal;0.005811453;1.431503
SceneName;1.00;0.00;0.00;0.00;635;687;690;-0.7058;1.402421;-0.03080001;0;0;0;355.4;4.800006;4;Normal;0.005265832;1.436769
SceneName;1.00;0.00;0.00;0.00;635;687;690;-0.7058;1.402421;-0.03080001;0;0;0;355.4;5.199996;4;Normal;0.005347252;1.442116
SceneName;1.00;0.00;0.00;0.00;635;688;690;-0.7058;1.402421;-0.03080001;0;0;0;355.4;5.199996;4;Normal;0.005699158;1.447815
SceneName;1.00;0.00;0.00;0.00;635;688;690;-0.7058;1.402421;-0.03080001;0;0;0;355.4;4.800006;4;Normal;0.005397677;1.453213
SceneName;1.00;0.00;0.00;0.00;635;687;690;-0.7058;1.402421;-0.03080001;0;0;0;355.4;4.800006;4;Normal;0.0056566;1.45887
SceneName;1.00;0.00;0.00;0.00;635;688;690;-0.7058;1.402421;-0.03080001;0;0;0;355.4;5.199996;4;Normal;0.00577116;1.464641
SceneName;1.00;0.00;0.00;0.00;635;687;690;-0.7058;1.402421;-0.03080001;0;0;0;355.4;4.800006;4;Normal;0.008636594;1.473277
SceneName;1.00;0.00;0.00;0.00;636;687;690;-0.7058;1.402421;-0.03080001;0;0;0;355.4;5.199996;4;Normal;0.007668972;1.480946
SceneName;1.00;0.00;0.00;0.00;635;688;690;-0.7058;1.402421;-0.03080001;0;0;0;355.64;5.199996;4;Normal;0.006458044;1.487404
SceneName;1.00;0.00;0.00;0.00;635;688;690;-0.7058;1.402421;-0.03080001;0;0;0;355.4;4.800006;4;Normal;0.005379558;1.492784
SceneName;1.00;0.00;0.00;0.00;635;687;690;-0.7058;1.402421;-0.03080001;0;0;0;355.4;4.800006;4;Normal;0.006029487;1.498814
SceneName;1.00;0.00;0.00;0.00;635;688;690;-0.7058;1.402421;-0.03080001;0;0;0;355.4;5.199996;4;Normal;0.006192207;1.505006
SceneName;1.00;0.00;0.00;0.00;635;688;690;-0.7058;1.402421;-0.03080001;0;0;0;355.4;4.800006;4;Normal;0.00822258;1.513228
SceneName;1.00;0.00;0.00;0.00;636;688;690;-0.7058;1.402421;-0.03080001;0;0;0;355.4;4.800006;4;Normal;0.006043315;1.519272
SceneName;1.00;0.00;0.00;0.00;635;688;690;-0.7058;1.402421;-0.03080001;0;0;0;355.64;4.800006;4;Normal;0.006521344;1.525793
SceneName;1.00;0.00;0.00;0.00;636;688;690;-0.7058;1.402421;-0.03080001;0;0;0;355.4;4.800006;4;Normal;0.006602645;1.532396
SceneName;1.00;0.00;0.00;0.00;635;688;690;-0.7058;1.402421;-0.03080001;0;0;0;355.64;4.800006;4;Normal;0.006004691;1.5384
SceneName;1.00;0.00;0.00;0.00;635;688;690;-0.7058;1.402421;-0.03080001;0;0;0;355.4;4.800006;4;Normal;0.005176067;1.543576
SceneName;1.00;0.00;0.00;0.00;635;687;690;-0.7058;1.402421;-0.03080001;0;0;0;355.4;4.800006;4;Normal;0.005488992;1.549065
SceneName;1.00;0.00;0.00;0.00;635;688;690;-0.7058;1.402421;-0.03080001;0;0;0;355.4;5.199996;4;Normal;0.00509274;1.554158
SceneName;1.00;0.00;0.00;0.00;635;687;690;-0.7058;1.402421;-0.03080001;0;0;0;355.4;4.800006;4;Normal;0.005158782;1.559317
SceneName;1.00;0.00;0.00;0.00;635;687;691;-0.7058;1.402421;-0.03080001;0;0;0;355.4;5.199996;4;Normal;0.005356669;1.564674
SceneName;1.00;0.00;0.00;0.00;636;687;690;-0.7058;1.402421;-0.03080001;0;0;0;355.4;5.199996;3.600011;Normal;0.005756378;1.57043
SceneName;1.00;0.00;0.00;0.00;636;687;691;-0.7058;1.402421;-0.03080001;0;0;0;355.64;5.199996;4;Normal;0.005682826;1.576113
SceneName;1.00;0.00;0.00;0.00;636;687;691;-0.7058;1.402421;-0.03080001;0;0;0;355.64;5.199996;3.600011;Normal;0.005542755;1.581656
SceneName;1.00;0.00;0.00;0.01;635;687;690;-0.7058;1.402421;-0.03080001;0;0;0;355.64;5.199996;3.600011;Normal;0.004961491;1.586617
SceneName;1.00;0.00;0.00;0.01;635;686;690;-0.7058;1.402421;-0.03080001;0;0;0;355.4;5.199996;4;Normal;0.005978703;1.592596
SceneName;1.00;0.00;-0.00;0.01;635;685;688;-0.7058;1.402421;-0.03080001;0;0;0;355.4;5.600012;4;Normal;0.005527139;1.598123
SceneName;1.00;0.00;-0.00;0.02;634;682;686;-0.7058;1.402421;-0.03080001;0;0;0;355.4;6.000002;4.800006;Normal;0.005171776;1.603295
SceneName;1.00;0.01;-0.00;0.03;633;679;683;-0.7058;1.402421;-0.03080001;0;0;0;355.16;7.199998;5.600012;Normal;0.006154895;1.60945
SceneName;1.00;0.01;-0.00;0.03;633;676;681;-0.7058;1.402421;-0.03080001;0;0;0;354.92;8.399995;6.800008;Normal;0.005877614;1.615327
SceneName;1.00;0.01;-0.00;0.04;632;672;677;-0.7058;1.402421;-0.03080001;0;0;0;354.92;9.600003;7.600002;Normal;0.005844951;1.621172
SceneName;1.00;0.02;-0.00;0.04;631;669;674;-0.7058;1.402421;-0.03080001;0;0;0;354.68;11.2;9.200001;Normal;0.006212592;1.627385
SceneName;1.00;0.02;-0.00;0.05;630;665;671;-0.7058;1.402421;-0.03080001;0;0;0;354.44;12.4;10.4;Normal;0.006092906;1.633478
SceneName;1.00;0.02;-0.00;0.05;629;662;667;-0.7058;1.402421;-0.03080001;0;0;0;354.2;14;11.60001;Normal;0.006217837;1.639695
SceneName;1.00;0.03;0.00;0.06;629;659;665;-0.7058;1.402421;-0.03080001;0;0;0;353.96;15.19999;13.20001;Normal;0.005708575;1.645404
SceneName;1.00;0.03;0.00;0.06;628;656;661;-0.7058;1.402421;-0.03080001;0;0;0;353.96;16.39999;14;Normal;0.006149173;1.651553
SceneName;1.00;0.03;0.00;0.06;628;654;659;-0.7058;1.402421;-0.03080001;0;0;0;353.72;17.60001;15.60001;Normal;0.006029606;1.657583
SceneName;1.00;0.04;0.01;0.06;627;652;658;-0.7058;1.402421;-0.03080001;0;0;0;353.72;18.39999;16.39999;Normal;0.005653143;1.663236
SceneName;1.00;0.04;0.01;0.07;627;652;656;-0.7058;1.402421;-0.03080001;0;0;0;353.48;19.2;16.80001;Normal;0.006642103;1.669878
SceneName;1.00;0.04;0.01;0.07;626;651;656;-0.7058;1.402421;-0.03080001;0;0;0;353.48;19.2;17.60001;Normal;0.006112576;1.675991
SceneName;1.00;0.04;0.01;0.07;626;651;656;-0.7058;1.402421;-0.03080001;0;0;0;353.24;19.6;17.60001;Normal;0.005558372;1.681549
SceneName;1.00;0.04;0.01;0.07;625;650;655;-0.7058;1.402421;-0.03080001;0;0;0;353.24;19.6;17.60001;Normal;0.005699873;1.687249
SceneName;1.00;0.04;0.01;0.07;625;651;656;-0.7058;1.402421;-0.03080001;0;0;0;353;20.00001;18;Normal;0.005622864;1.692872
SceneName;1.00;0.04;0.01;0.07;625;652;656;-0.7058;1.402421;-0.03080001;0;0;0;353;19.6;17.60001;Normal;0.0110172;1.703889
SceneName;1.00;0.04;0.01;0.07;625;652;657;-0.7058;1.402421;-0.03080001;0;0;0;353;19.2;17.60001;Normal;0.006088734;1.709978
SceneName;1.00;0.04;0.01;0.07;624;654;658;-0.7058;1.402421;-0.03080001;0;0;0;353;19.2;17.2;Normal;0.007154703;1.717132
SceneName;1.00;0.04;0.01;0.07;624;655;659;-0.7058;1.402421;-0.03080001;0;0;0;352.76;18.39999;16.80001;Normal;0.006146073;1.723278
SceneName;1.00;0.04;0.01;0.07;624;656;660;-0.7058;1.402421;-0.03080001;0;0;0;352.76;18;16.39999;Normal;0.006777406;1.730056
SceneName;1.00;0.04;0.02;0.07;624;656;660;-0.7058;1.402421;-0.03080001;0;0;0;352.76;17.60001;16;Normal;0.005431175;1.735487
SceneName;1.00;0.04;0.02;0.07;624;658;661;-0.7058;1.402421;-0.03080001;0;0;0;352.76;17.60001;16;Normal;0.005605102;1.741092
SceneName;1.00;0.04;0.02;0.07;623;658;661;-0.7058;1.402421;-0.03080001;0;0;0;352.76;16.80001;15.60001;Normal;0.006077051;1.747169
SceneName;1.00;0.04;0.02;0.07;623;659;662;-0.7058;1.402421;-0.03080001;0;0;0;352.52;16.80001;15.60001;Normal;0.005775452;1.752945
SceneName;1.00;0.04;0.02;0.07;623;659;663;-0.7058;1.402421;-0.03080001;0;0;0;352.52;16.39999;15.19999;Normal;0.005527496;1.758472
SceneName;1.00;0.04;0.02;0.07;623;660;663;-0.7058;1.402421;-0.03080001;0;0;0;352.52;16.39999;14.8;Normal;0.005565763;1.764038
SceneName;1.00;0.04;0.02;0.06;624;660;663;-0.7058;1.402421;-0.03080001;0;0;0;352.52;16;14.8;Normal;0.005938649;1.769976
SceneName;1.00;0.04;0.02;0.06;623;660;664;-0.7058;1.402421;-0.03080001;0;0;0;352.76;16;14.8;Normal;0.006218553;1.776195
SceneName;1.00;0.04;0.02;0.06;624;660;664;-0.7058;1.402421;-0.03080001;0;0;0;352.52;16;14.4;Normal;0.005766392;1.781961
SceneName;1.00;0.04;0.02;0.06;624;661;664;-0.7058;1.402421;-0.03080001;0;0;0;352.76;16;14.4;Normal;0.005756974;1.787718
SceneName;1.00;0.04;0.01;0.06;624;662;664;-0.7058;1.402421;-0.03080001;0;0;0;352.76;15.60001;14.4;Normal;0.005718946;1.793437
SceneName;1.00;0.04;0.01;0.06;623;662;664;-0.7058;1.402421;-0.03080001;0;0;0;352.76;15.19999;14.4;Normal;0.005796671;1.799234
SceneName;1.00;0.04;0.01;0.06;624;663;664;-0.7058;1.402421;-0.03080001;0;0;0;352.52;15.19999;14.4;Normal;0.005857944;1.805092
SceneName;1.00;0.04;0.01;0.06;624;665;665;-0.7058;1.402421;-0.03080001;0;0;0;352.76;14.8;14.4;Normal;0.006453872;1.811546
SceneName;1.00;0.04;0.01;0.06;624;666;666;-0.7058;1.402421;-0.03080001;0;0;0;352.76;14;14;Normal;0.006880641;1.818426
SceneName;1.00;0.04;0.01;0.05;624;668;666;-0.7058;1.402421;-0.03080001;0;0;0;352.76;13.60001;13.60001;Normal;0.006109953;1.824536
SceneName;1.00;0.04;0.01;0.05;625;669;667;-0.7058;1.402421;-0.03080001;0;0;0;352.76;12.8;13.60001;Normal;0.005572557;1.830109
SceneName;1.00;0.04;0.01;0.05;625;670;668;-0.7058;1.402421;-0.03080001;0;0;0;353;12.4;13.20001;Normal;0.005489111;1.835598
SceneName;1.00;0.04;0.01;0.05;625;672;670;-0.7058;1.402421;-0.03080001;0;0;0;353;12;12.8;Normal;0.005837321;1.841435
SceneName;1.00;0.03;0.01;0.05;626;673;671;-0.7058;1.402421;-0.03080001;0;0;0;353;11.2;12;Normal;0.005257964;1.846693
SceneName;1.00;0.03;0.01;0.04;626;675;672;-0.7058;1.402421;-0.03080001;0;0;0;353.24;10.8;11.60001;Normal;0.004952431;1.851646
SceneName;1.00;0.03;0.01;0.04;626;677;674;-0.7058;1.402421;-0.03080001;0;0;0;353.24;10.00001;11.2;Normal;0.00550139;1.857147
SceneName;1.00;0.03;0.01;0.04;626;680;675;-0.7058;1.402421;-0.03080001;0;0;0;353.24;9.200001;10.4;Normal;0.00497663;1.862124
SceneName;1.00;0.03;0.01;0.04;626;682;676;-0.7058;1.402421;-0.03080001;0;0;0;353.24;8.000005;10.00001;Normal;0.005455017;1.867579
SceneName;1.00;0.03;0.01;0.03;626;685;678;-0.7058;1.402421;-0.03080001;0;0;0;353.24;7.199998;9.600003;Normal;0.005582094;1.873161
SceneName;1.00;0.02;0.00;0.03;627;686;680;-0.7058;1.402421;-0.03080001;0;0;0;353.24;6.000002;8.800011;Normal;0.005089045;1.87825
SceneName;1.00;0.02;0.00;0.03;626;688;681;-0.7058;1.402421;-0.03080001;0;0;0;353.48;5.600012;8.000005;Normal;0.005614042;1.883864
SceneName;1.00;0.02;0.00;0.02;626;689;682;-0.7058;1.402421;-0.03080001;0;0;0;353.24;4.800006;7.600002;Normal;0.005720735;1.889585
SceneName;1.00;0.02;-0.00;0.02;626;690;682;-0.7058;1.402421;-0.03080001;0;0;0;353.24;4.39999;7.199998;Normal;0.004922271;1.894507
SceneName;1.00;0.01;-0.00;0.01;626;690;683;-0.7058;1.402421;-0.03080001;0;0;0;353.24;4;7.199998;Normal;0.005364537;1.899872
SceneName;1.00;0.01;-0.00;0.01;626;692;684;-0.7058;1.402421;-0.03080001;0;0;0;353.24;4;6.800008;Normal;0.005201936;1.905074
SceneName;1.00;0.01;-0.01;0.01;626;692;686;-0.7058;1.402421;-0.03080001;0;0;0;353.24;3.199993;6.399992;Normal;0.005591869;1.910665
SceneName;1.00;0.01;-0.01;0.00;626;694;687;-0.7058;1.402421;-0.03080001;0;0;0;353.24;3.199993;5.600012;Normal;0.007765293;1.918431
SceneName;1.00;0.00;-0.01;-0.00;626;694;687;-0.7058;1.402421;-0.03080001;0;0;0;353.24;2.400001;5.199996;Normal;0.007388234;1.925819
SceneName;1.00;-0.00;-0.01;-0.01;626;696;689;-0.7058;1.402421;-0.03080001;0;0;0;353.24;2.400001;5.199996;Normal;0.006046653;1.931866
SceneName;1.00;-0.00;-0.01;-0.01;625;696;689;-0.7058;1.402421;-0.03080001;0;0;0;353.24;1.600008;4.39999;Normal;0.005103588;1.936969
SceneName;1.00;-0.01;-0.01;-0.02;626;696;689;-0.7058;1.402421;-0.03080001;0;0;0;353;1.600008;4.39999;Normal;0.004996896;1.941966
SceneName;1.00;-0.01;-0.01;-0.02;626;696;690;-0.7058;1.402421;-0.03080001;0;0;0;353.24;1.600008;4.39999;Normal;0.005989432;1.947955
SceneName;1.00;-0.01;-0.01;-0.02;626;696;690;-0.7058;1.402421;-0.03080001;0;0;0;353.24;1.600008;4;Normal;0.00526762;1.953223
SceneName;1.00;-0.02;-0.01;-0.03;626;697;690;-0.7058;1.402421;-0.03080001;0;0;0;353.24;1.600008;4;Normal;0.00507462;1.958298
SceneName;1.00;-0.02;-0.00;-0.03;625;696;691;-0.7058;1.402421;-0.03080001;0;0;0;353.24;1.200005;4;Normal;0.005210996;1.963509
SceneName;1.00;-0.02;-0.00;-0.03;625;697;691;-0.7058;1.402421;-0.03080001;0;0;0;353;1.600008;3.600011;Normal;0.00540638;1.968915
SceneName;1.00;-0.03;0.00;-0.03;625;697;690;-0.7058;1.402421;-0.03080001;0;0;0;353;1.200005;3.600011;Normal;0.005579829;1.974495
SceneName;1.00;-0.03;0.01;-0.03;625;697;691;-0.7058;1.402421;-0.03080001;0;0;0;353;1.200005;4;Normal;0.005372405;1.979867
SceneName;1.00;-0.03;0.02;-0.03;624;696;690;-0.7058;1.402421;-0.03080001;0;0;0;353;1.200005;3.600011;Normal;0.005407214;1.985275
SceneName;1.00;-0.03;0.03;-0.03;624;696;690;-0.7058;1.402421;-0.03080001;0;0;0;352.76;1.600008;4;Normal;0.005534649;1.990809
SceneName;1.00;-0.04;0.03;-0.04;625;696;690;-0.7058;1.402421;-0.03080001;0;0;0;352.76;1.600008;4;Normal;0.005168915;1.995978
SceneName;1.00;-0.04;0.04;-0.04;624;697;691;-0.7058;1.402421;-0.03080001;0;0;0;353;1.600008;4;Normal;0.005548716;2.001527
SceneName;1.00;-0.04;0.04;-0.04;625;697;691;-0.7058;1.402421;-0.03080001;0;0;0;352.76;1.200005;3.600011;Normal;0.005692959;2.00722
SceneName;1.00;-0.04;0.04;-0.04;624;696;690;-0.7058;1.402421;-0.03080001;0;0;0;353;1.200005;3.600011;Normal;0.004942179;2.012162
SceneName;1.00;-0.04;0.05;-0.04;625;695;690;-0.7058;1.402421;-0.03080001;0;0;0;352.76;1.600008;4;Normal;0.005776405;2.017938
SceneName;1.00;-0.04;0.05;-0.04;624;695;690;-0.7058;1.402421;-0.03080001;0;0;0;353;1.999997;4;Normal;0.005190372;2.023129
SceneName;1.00;-0.04;0.05;-0.04;624;695;689;-0.7058;1.402421;-0.03080001;0;0;0;352.76;1.999997;4;Normal;0.00540781;2.028537
SceneName;1.00;-0.04;0.05;-0.04;624;695;689;-0.7058;1.402421;-0.03080001;0;0;0;352.76;1.999997;4.39999;Normal;0.005578518;2.034115
SceneName;1.00;-0.04;0.06;-0.04;625;695;689;-0.7058;1.402421;-0.03080001;0;0;0;352.76;1.999997;4.39999;Normal;0.004992962;2.039108
SceneName;1.00;-0.04;0.06;-0.04;625;695;689;-0.7058;1.402421;-0.03080001;0;0;0;353;1.999997;4.39999;Normal;0.005313158;2.044421
SceneName;1.00;-0.05;0.06;-0.04;624;694;689;-0.7058;1.402421;-0.03080001;0;0;0;353;1.999997;4.39999;Normal;0.005912304;2.050333
SceneName;1.00;-0.05;0.07;-0.05;623;693;689;-0.7058;1.402421;-0.03080001;0;0;0;352.76;2.400001;4.39999;Normal;0.005391836;2.055725
SceneName;0.99;-0.05;0.08;-0.05;623;693;689;-0.7058;1.402421;-0.03080001;0;0;0;352.52;2.800004;4.39999;Normal;0.005556107;2.061281
SceneName;0.99;-0.05;0.08;-0.05;623;692;688;-0.7058;1.402421;-0.03080001;0;0;0;352.52;2.800004;4.39999;Normal;0.0057652;2.067047
SceneName;0.99;-0.05;0.09;-0.05;622;690;687;-0.7058;1.402421;-0.03080001;0;0;0;352.52;3.199993;4.800006;Normal;0.005890131;2.072937
SceneName;0.99;-0.06;0.10;-0.06;622;687;686;-0.7058;1.402421;-0.03080001;0;0;0;352.28;4;5.199996;Normal;0.005681038;2.078618
SceneName;0.99;-0.06;0.11;-0.06;623;686;686;-0.7058;1.402421;-0.03080001;0;0;0;352.28;5.199996;5.600012;Normal;0.005744934;2.084363
SceneName;0.99;-0.07;0.12;-0.06;623;685;686;-0.7058;1.402421;-0.03080001;0;0;0;352.52;5.600012;5.600012;Normal;0.005973101;2.090336
SceneName;0.99;-0.07;0.13;-0.07;622;684;686;-0.7058;1.402421;-0.03080001;0;0;0;352.52;6.000002;5.600012;Normal;0.006936073;2.097272
SceneName;0.98;-0.08;0.14;-0.08;623;683;686;-0.7058;1.402421;-0.03080001;0;0;0;352.28;6.399992;5.600012;Normal;0.006177664;2.10345
SceneName;0.98;-0.09;0.15;-0.08;624;682;686;-0.7058;1.402421;-0.03080001;0;0;0;352.52;6.800008;5.600012;Normal;0.005672216;2.109122
SceneName;0.98;-0.10;0.16;-0.09;624;680;686;-0.7058;1.402421;-0.03080001;0;0;0;352.76;7.199998;5.600012;Normal;0.005669355;2.114791
SceneName;0.98;-0.11;0.16;-0.10;624;678;686;-0.7058;1.402421;-0.03080001;0;0;0;352.76;8.000005;5.600012;Normal;0.006663322;2.121454
SceneName;0.98;-0.12;0.15;-0.11;623;676;684;-0.7058;1.402421;-0.03080001;0;0;0;352.76;8.800011;5.600012;Normal;0.006057501;2.127512
SceneName;0.97;-0.13;0.13;-0.12;623;675;683;-0.7058;1.402421;-0.03080001;0;0;0;352.52;9.600003;6.399992;Normal;0.005998373;2.13351
SceneName;0.97;-0.14;0.11;-0.13;624;674;682;-0.7058;1.402421;-0.03080001;0;0;0;352.52;10.00001;6.800008;Normal;0.005873203;2.139384
SceneName;0.97;-0.15;0.09;-0.14;625;673;682;-0.7058;1.402421;-0.03080001;0;0;0;352.76;10.4;7.199998;Normal;0.005275726;2.144659
SceneName;0.97;-0.16;0.07;-0.15;625;671;681;-0.7058;1.402421;-0.03080001;0;0;0;353;10.8;7.199998;Normal;0.005987406;2.150647
SceneName;0.97;-0.18;0.06;-0.16;626;669;681;-0.7058;1.402421;-0.03080001;0;0;0;353;11.60001;7.600002;Normal;0.005653858;2.156301
SceneName;0.97;-0.19;0.04;-0.16;626;668;680;-0.7058;1.402421;-0.03080001;0;0;0;353.24;12.4;7.600002;Normal;0.005172014;2.161473
SceneName;0.96;-0.20;0.02;-0.17;627;668;670;-0.7058;1.402421;-0.03080001;0;0;0;353.24;12.8;8.000005;Normal;0.005643129;2.167116
SceneName;0.96;-0.22;0.01;-0.18;628;667;660;-0.7058;1.402421;-0.03080001;0;0;0;353.48;12.8;12;Normal;0.005703688;2.172819
SceneName;0.95;-0.23;0.01;-0.19;628;668;657;-0.7058;1.402421;-0.03080001;0;0;0;353.72;13.20001;16;Normal;0.005336523;2.178156
SceneName;0.95;-0.25;0.01;-0.20;630;667;654;-0.7058;1.402421;-0.03080001;0;0;0;353.72;12.8;17.2;Normal;0.005223513;2.183379
SceneName;0.94;-0.27;0.02;-0.22;631;667;663;-0.7058;1.402421;-0.03080001;0;0;0;354.2;13.20001;18.39999;Normal;0.006135702;2.189515
SceneName;0.93;-0.29;0.03;-0.23;631;667;672;-0.7058;1.402421;-0.03080001;0;0;0;354.44;13.20001;14.8;Normal;0.005283594;2.194799
SceneName;0.92;-0.30;0.05;-0.24;632;666;677;-0.7058;1.402421;-0.03080001;0;0;0;354.44;13.20001;11.2;Normal;0.005543947;2.200343
SceneName;0.91;-0.31;0.08;-0.25;632;665;679;-0.7058;1.402421;-0.03080001;0;0;0;354.68;13.60001;9.200001;Normal;0.005496502;2.205839
SceneName;0.91;-0.32;0.11;-0.26;632;665;679;-0.7058;1.402421;-0.03080001;0;0;0;354.68;14;8.399995;Normal;0.005057573;2.210897
SceneName;0.90;-0.33;0.14;-0.27;632;664;662;-0.7058;1.402421;-0.03080001;0;0;0;354.68;14;8.399995;Normal;0.005464792;2.216362
SceneName;0.88;-0.33;0.18;-0.27;633;663;654;-0.7058;1.402421;-0.03080001;0;0;0;354.68;14.4;15.19999;Normal;0.004996777;2.221358
SceneName;0.87;-0.34;0.21;-0.28;633;661;650;-0.7058;1.402421;-0.03080001;0;0;0;354.92;14.8;18.39999;Normal;0.005275011;2.226633
SceneName;0.86;-0.34;0.25;-0.29;635;660;649;-0.7058;1.402421;-0.03080001;0;0;0;354.92;15.60001;20.00001;Normal;0.005246639;2.23188
SceneName;0.85;-0.35;0.28;-0.30;637;661;647;-0.7058;1.402421;-0.03080001;0;0;0;355.4;16;20.39999;Normal;0.004935741;2.236816
SceneName;0.83;-0.35;0.30;-0.30;639;660;647;-0.7058;1.402421;-0.03080001;0;0;0;355.88;15.60001;21.2;Normal;0.005351067;2.242167
SceneName;0.82;-0.36;0.32;-0.31;640;660;647;-0.7058;1.402421;-0.03080001;0;0;0;356.36;16;21.2;Normal;0.005360126;2.247527
SceneName;0.81;-0.36;0.34;-0.31;641;660;647;-0.7058;1.402421;-0.03080001;0;0;0;356.6;16;21.2;Normal;0.00510025;2.252627
SceneName;0.80;-0.36;0.36;-0.32;642;659;647;-0.7058;1.402421;-0.03080001;0;0;0;356.84;16;21.2;Normal;0.005264997;2.257892
SceneName;0.79;-0.37;0.37;-0.32;644;659;646;-0.7058;1.402421;-0.03080001;0;0;0;357.08;16.39999;21.2;Normal;0.005249739;2.263142
SceneName;0.78;-0.37;0.39;-0.32;646;658;646;-0.7058;1.402421;-0.03080001;0;0;0;357.56;16.39999;21.6;Normal;0.005265474;2.268407
SceneName;0.76;-0.38;0.41;-0.33;648;658;646;-0.7058;1.402421;-0.03080001;0;0;0;358.04;16.80001;21.6;Normal;0.00519371;2.273601
SceneName;0.75;-0.38;0.42;-0.33;650;658;684;-0.7058;1.402421;-0.03080001;0;0;0;358.52;16.80001;21.6;Normal;0.005504847;2.279106
SceneName;0.74;-0.38;0.44;-0.34;653;657;687;-0.7058;1.402421;-0.03080001;0;0;0;359;16.80001;6.399992;Normal;0.00561595;2.284722
SceneName;0.72;-0.39;0.46;-0.34;655;656;688;-0.7058;1.402421;-0.03080001;0;0;0;359.72;17.2;5.199996;Normal;0.005637646;2.290359
SceneName;0.71;-0.39;0.48;-0.34;658;655;688;-0.7058;1.402421;-0.03080001;0;0;0;0.2;17.60001;4.800006;Normal;0.005100727;2.29546
SceneName;0.69;-0.39;0.50;-0.34;660;655;688;-0.7058;1.402421;-0.03080001;0;0;0;0.9200001;18;4.800006;Normal;0.005769968;2.30123
SceneName;0.67;-0.39;0.53;-0.34;661;654;690;-0.7058;1.402421;-0.03080001;0;0;0;1.4;18;4.800006;Normal;0.005551577;2.306782
SceneName;0.66;-0.39;0.55;-0.34;663;653;692;-0.7058;1.402421;-0.03080001;0;0;0;1.64;18.39999;4;Normal;0.005017519;2.311799
SceneName;0.64;-0.40;0.57;-0.34;666;653;694;-0.7058;1.402421;-0.03080001;0;0;0;2.12;18.80001;3.199993;Normal;0.005132437;2.316932
SceneName;0.62;-0.40;0.59;-0.34;667;652;697;-0.7058;1.402421;-0.03080001;0;0;0;2.84;18.80001;2.400001;Normal;0.006228685;2.32316
SceneName;0.60;-0.40;0.61;-0.34;669;651;699;-0.7058;1.402421;-0.03080001;0;0;0;3.08;19.2;1.200005;Normal;0.005859375;2.32902
SceneName;0.57;-0.39;0.64;-0.34;672;648;700;-0.7058;1.402421;-0.03080001;0;0;0;3.56;19.6;0.3999982;Normal;0.005518675;2.334538
SceneName;0.54;-0.39;0.66;-0.34;674;647;700;-0.7058;1.402421;-0.03080001;0;0;0;4.28;20.80001;-5.008956E-06;Normal;0.00553298;2.340071
SceneName;0.52;-0.39;0.69;-0.33;676;645;700;-0.7058;1.402421;-0.03080001;0;0;0;4.76;21.2;-5.008956E-06;Normal;0.006017447;2.346089
SceneName;0.49;-0.39;0.71;-0.33;677;646;699;-0.7058;1.402421;-0.03080001;0;0;0;5.240001;22.00001;-5.008956E-06;Normal;0.005130053;2.351219
SceneName;0.47;-0.39;0.72;-0.33;679;644;699;-0.7058;1.402421;-0.03080001;0;0;0;5.48;21.6;0.3999982;Normal;0.005259752;2.356479
SceneName;0.45;-0.39;0.74;-0.32;681;644;701;-0.7058;1.402421;-0.03080001;0;0;0;5.96;22.4;0.3999982;Normal;0.005006552;2.361485
SceneName;0.43;-0.39;0.75;-0.32;682;643;701;-0.7058;1.402421;-0.03080001;0;0;0;6.44;22.4;359.6;Normal;0.005455732;2.366941
SceneName;0.42;-0.39;0.76;-0.32;683;643;703;-0.7058;1.402421;-0.03080001;0;0;0;6.68;22.8;359.6;Normal;0.005212545;2.372154
SceneName;0.40;-0.39;0.77;-0.31;684;643;704;-0.7058;1.402421;-0.03080001;0;0;0;6.92;22.8;358.8;Normal;0.00534749;2.377501
SceneName;0.39;-0.39;0.77;-0.31;682;642;706;-0.7058;1.402421;-0.03080001;0;0;0;7.159999;22.8;358.4;Normal;0.005434752;2.382936
SceneName;0.38;-0.39;0.78;-0.31;682;642;708;-0.7058;1.402421;-0.03080001;0;0;0;6.68;23.20001;357.6;Normal;0.005748749;2.388685
SceneName;0.38;-0.40;0.78;-0.31;682;641;710;-0.7058;1.402421;-0.03080001;0;0;0;6.68;23.20001;356.8;Normal;0.005210876;2.393895
SceneName;0.37;-0.40;0.78;-0.30;681;639;713;-0.7058;1.402421;-0.03080001;0;0;0;6.68;23.6;356;Normal;0.005444765;2.39934
SceneName;0.36;-0.40;0.79;-0.30;682;638;716;-0.7058;1.402421;-0.03080001;0;0;0;6.44;24.4;354.8;Normal;0.005199432;2.40454
SceneName;0.36;-0.40;0.79;-0.30;682;638;719;-0.7058;1.402421;-0.03080001;0;0;0;6.68;24.8;353.6;Normal;0.005786419;2.410326
SceneName;0.36;-0.40;0.79;-0.30;681;638;723;-0.7058;1.402421;-0.03080001;0;0;0;6.68;24.8;352.4;Normal;0.005248308;2.415574
SceneName;0.36;-0.41;0.79;-0.29;682;640;726;-0.7058;1.402421;-0.03080001;0;0;0;6.44;24.8;350.8;Normal;0.005291939;2.420866
SceneName;0.35;-0.41;0.79;-0.29;682;646;728;-0.7058;1.402421;-0.03080001;0;0;0;6.68;24;349.6;Normal;0.00543499;2.426301
SceneName;0.36;-0.41;0.79;-0.29;682;657;731;-0.7058;1.402421;-0.03080001;0;0;0;6.68;21.6;348.8;Normal;0.005345583;2.431647
SceneName;0.36;-0.42;0.78;-0.29;682;671;732;-0.7058;1.402421;-0.03080001;0;0;0;6.68;17.2;347.6;Normal;0.005045176;2.436692
SceneName;0.37;-0.42;0.78;-0.28;680;687;733;-0.7058;1.402421;-0.03080001;0;0;0;6.68;11.60001;347.2;Normal;0.00535965;2.442052
SceneName;0.38;-0.43;0.77;-0.28;678;701;736;-0.7058;1.402421;-0.03080001;0;0;0;6.2;5.199996;346.8;Normal;0.0055933;2.447645
SceneName;0.40;-0.44;0.76;-0.27;676;712;737;-0.7058;1.402421;-0.03080001;0;0;0;5.719999;359.6;345.6;Normal;0.005280733;2.452926
SceneName;0.42;-0.44;0.74;-0.27;675;722;739;-0.7058;1.402421;-0.03080001;0;0;0;5.240001;355.2;345.2;Normal;0.00575161;2.458677
SceneName;0.45;-0.45;0.72;-0.26;675;736;740;-0.7058;1.402421;-0.03080001;0;0;0;5;351.2;344.4;Normal;0.005489111;2.464166
SceneName;0.48;-0.46;0.70;-0.26;679;750;743;-0.7058;1.402421;-0.03080001;0;0;0;5;345.6;344;Normal;0.005832195;2.469999
SceneName;0.52;-0.47;0.67;-0.25;683;759;745;-0.7058;1.402421;-0.03080001;0;0;0;5.96;340;342.8;Normal;0.005856514;2.475855
SceneName;0.55;-0.48;0.64;-0.24;685;768;746;-0.7058;1.402421;-0.03080001;0;0;0;6.92;336.4;342;Normal;0.005553484;2.481409
SceneName;0.58;-0.49;0.60;-0.23;689;774;747;-0.7058;1.402421;-0.03080001;0;0;0;7.4;332.8;341.6;Normal;0.005434752;2.486843
SceneName;0.62;-0.50;0.56;-0.23;693;781;747;-0.7058;1.402421;-0.03080001;0;0;0;8.359999;330.4;341.2;Normal;0.005328894;2.492172
SceneName;0.65;-0.51;0.52;-0.22;697;788;749;-0.7058;1.402421;-0.03080001;0;0;0;9.320001;327.6;341.2;Normal;0.007472277;2.499645
SceneName;0.68;-0.52;0.47;-0.21;699;793;749;-0.7058;1.402421;-0.03080001;0;0;0;10.28;324.8;340.4;Normal;0.005176067;2.504821
SceneName;0.70;-0.53;0.43;-0.21;703;798;749;-0.7058;1.402421;-0.03080001;0;0;0;10.76;322.8;340.4;Normal;0.01771545;2.522536
SceneName;0.73;-0.54;0.38;-0.20;708;801;751;-0.7058;1.402421;-0.03080001;0;0;0;11.72;320.8;340.4;Normal;0.01002526;2.532561
SceneName;0.75;-0.54;0.33;-0.20;714;803;753;-0.7058;1.402421;-0.03080001;0;0;0;12.92;319.6;339.6;Normal;0.005276918;2.537838
SceneName;0.77;-0.54;0.28;-0.20;721;805;754;-0.7058;1.402421;-0.03080001;0;0;0;14.36;318.8;338.8;Normal;0.01512504;2.552963
SceneName;0.79;-0.54;0.23;-0.20;725;805;754;-0.7058;1.402421;-0.03080001;0;0;0;16.04;318;338.4;Normal;0.00925231;2.562216
SceneName;0.80;-0.53;0.19;-0.20;726;807;756;-0.7058;1.402421;-0.03080001;0;0;0;17;318;338.4;Normal;0.00870204;2.570918
SceneName;0.82;-0.52;0.14;-0.19;724;807;756;-0.7058;1.402421;-0.03080001;0;0;0;17.24;317.2;337.6;Normal;0.006918669;2.577836
SceneName;0.83;-0.52;0.11;-0.19;724;807;755;-0.7058;1.402421;-0.03080001;0;0;0;16.76;317.2;337.6;Normal;0.01529503;2.593131
SceneName;0.84;-0.51;0.08;-0.19;722;807;755;-0.7058;1.402421;-0.03080001;0;0;0;16.76;317.2;338;Normal;0.007898092;2.601029
SceneName;0.84;-0.50;0.05;-0.19;721;805;753;-0.7058;1.402421;-0.03080001;0;0;0;16.28;317.2;338;Normal;0.009736538;2.610766
SceneName;0.85;-0.49;0.03;-0.20;721;804;752;-0.7058;1.402421;-0.03080001;0;0;0;16.04;318;338.8;Normal;0.009348392;2.620114
SceneName;0.86;-0.47;0.01;-0.20;721;800;751;-0.7058;1.402421;-0.03080001;0;0;0;16.04;318.4;339.2;Normal;0.00608182;2.626196
SceneName;0.86;-0.46;-0.02;-0.20;719;795;749;-0.7058;1.402421;-0.03080001;0;0;0;16.04;320;339.6;Normal;0.01596975;2.642166
SceneName;0.87;-0.45;-0.04;-0.20;720;790;747;-0.7058;1.402421;-0.03080001;0;0;0;15.56;322;340.4;Normal;0.008912325;2.651078
SceneName;0.87;-0.44;-0.08;-0.20;731;778;744;-0.7058;1.402421;-0.03080001;0;0;0;15.8;324;341.2;Normal;0.009093046;2.660171
SceneName;0.88;-0.43;-0.11;-0.20;732;762;740;-0.7058;1.402421;-0.03080001;0;0;0;18.44;328.8;342.4;Normal;0.009050369;2.669222
SceneName;0.88;-0.41;-0.13;-0.19;729;746;736;-0.7058;1.402421;-0.03080001;0;0;0;18.68;335.2;344;Normal;0.008962154;2.678184
SceneName;0.88;-0.40;-0.16;-0.19;727;728;729;-0.7058;1.402421;-0.03080001;0;0;0;17.96;341.6;345.6;Normal;0.008937597;2.687121
SceneName;0.88;-0.39;-0.17;-0.19;726;708;720;-0.7058;1.402421;-0.03080001;0;0;0;17.48;348.8;348.4;Normal;0.008574963;2.695696
SceneName;0.88;-0.38;-0.19;-0.19;724;690;707;-0.7058;1.402421;-0.03080001;0;0;0;17.24;356.8;352;Normal;0.0105505;2.706247
SceneName;0.89;-0.38;-0.20;-0.18;723;677;696;-0.7058;1.402421;-0.03080001;0;0;0;16.76;4;357.2;Normal;0.01593637;2.722183
SceneName;0.89;-0.37;-0.20;-0.18;723;667;685;-0.7058;1.402421;-0.03080001;0;0;0;16.52;9.200001;1.600008;Normal;0.008823633;2.731007
SceneName;0.89;-0.36;-0.20;-0.18;722;657;677;-0.7058;1.402421;-0.03080001;0;0;0;16.52;13.20001;6.000002;Normal;0.009897709;2.740905
SceneName;0.89;-0.36;-0.21;-0.17;721;651;669;-0.7058;1.402421;-0.03080001;0;0;0;16.28;17.2;9.200001;Normal;0.008459806;2.749364
SceneName;0.90;-0.35;-0.21;-0.17;720;643;661;-0.7058;1.402421;-0.03080001;0;0;0;16.04;19.6;12.4;Normal;0.008649588;2.758014
SceneName;0.90;-0.35;-0.22;-0.16;719;638;654;-0.7058;1.402421;-0.03080001;0;0;0;15.8;22.8;15.60001;Normal;0.00889039;2.766904
SceneName;0.90;-0.34;-0.22;-0.16;716;633;648;-0.7058;1.402421;-0.03080001;0;0;0;15.56;24.8;18.39999;Normal;0.008927584;2.775832
SceneName;0.90;-0.34;-0.22;-0.16;712;629;642;-0.7058;1.402421;-0.03080001;0;0;0;14.84;26.8;20.80001;Normal;0.009004354;2.784836
SceneName;0.90;-0.34;-0.22;-0.15;708;625;638;-0.7058;1.402421;-0.03080001;0;0;0;13.88;28.39999;23.20001;Normal;0.0182817;2.803118
SceneName;0.90;-0.33;-0.22;-0.15;704;620;634;-0.7058;1.402421;-0.03080001;0;0;0;12.92;30;24.8;Normal;0.008172989;2.811291
SceneName;0.91;-0.33;-0.21;-0.15;700;615;631;-0.7058;1.402421;-0.03080001;0;0;0;11.96;32;26.4;Normal;0.008808851;2.8201
SceneName;0.91;-0.33;-0.20;-0.15;696;611;629;-0.7058;1.402421;-0.03080001;0;0;0;11;34.00001;27.60001;Normal;0.009209156;2.829309
SceneName;0.91;-0.34;-0.19;-0.16;692;608;627;-0.7058;1.402421;-0.03080001;0;0;0;10.04;35.60001;28.39999;Normal;0.008688927;2.837998
SceneName;0.91;-0.34;-0.17;-0.16;689;606;627;-0.7058;1.402421;-0.03080001;0;0;0;9.080001;36.8;29.2;Normal;0.008975506;2.846973
SceneName;0.91;-0.34;-0.16;-0.16;687;604;628;-0.7058;1.402421;-0.03080001;0;0;0;8.359999;37.60001;29.2;Normal;0.009261131;2.856235
SceneName;0.91;-0.34;-0.14;-0.17;687;604;631;-0.7058;1.402421;-0.03080001;0;0;0;7.880001;38.40001;28.80001;Normal;0.008517027;2.864752
SceneName;0.91;-0.35;-0.13;-0.17;687;606;643;-0.7058;1.402421;-0.03080001;0;0;0;7.880001;38.40001;27.60001;Normal;0.01816154;2.882913
SceneName;0.91;-0.35;-0.12;-0.17;688;614;655;-0.7058;1.402421;-0.03080001;0;0;0;7.880001;37.60001;22.8;Normal;0.008355618;2.891269
SceneName;0.91;-0.35;-0.11;-0.18;687;627;671;-0.7058;1.402421;-0.03080001;0;0;0;8.12;34.4;18;Normal;0.00875783;2.900027
SceneName;0.91;-0.35;-0.10;-0.18;688;641;686;-0.7058;1.402421;-0.03080001;0;0;0;7.880001;29.2;11.60001;Normal;0.009011984;2.909039
SceneName;0.91;-0.36;-0.09;-0.18;688;654;700;-0.7058;1.402421;-0.03080001;0;0;0;8.12;23.6;5.600012;Normal;0.009183168;2.918222
SceneName;0.91;-0.36;-0.09;-0.19;687;675;714;-0.7058;1.402421;-0.03080001;0;0;0;8.12;18.39999;-5.008956E-06;Normal;0.009226322;2.927448
SceneName;0.91;-0.37;-0.07;-0.19;686;696;727;-0.7058;1.402421;-0.03080001;0;0;0;7.880001;10.00001;354.4;Normal;0.008696079;2.936144
SceneName;0.90;-0.37;-0.06;-0.20;686;718;741;-0.7058;1.402421;-0.03080001;0;0;0;7.639999;1.600008;349.2;Normal;0.009857178;2.946001
SceneName;0.90;-0.38;-0.04;-0.21;685;736;752;-0.7058;1.402421;-0.03080001;0;0;0;7.639999;352.8;343.6;Normal;0.01718807;2.963189
SceneName;0.90;-0.38;-0.02;-0.21;685;751;759;-0.7058;1.402421;-0.03080001;0;0;0;7.4;345.6;339.2;Normal;0.008104801;2.971294
SceneName;0.90;-0.39;-0.01;-0.21;684;763;766;-0.7058;1.402421;-0.03080001;0;0;0;7.4;339.6;336.4;Normal;0.009302139;2.980596
SceneName;0.89;-0.39;-0.00;-0.22;686;775;775;-0.7058;1.402421;-0.03080001;0;0;0;7.159999;334.8;333.6;Normal;0.008057356;2.988654
SceneName;0.89;-0.40;0.01;-0.22;688;783;784;-0.7058;1.402421;-0.03080001;0;0;0;7.639999;330;330;Normal;0.009219885;2.997874
SceneName;0.89;-0.40;0.01;-0.22;694;787;790;-0.7058;1.402421;-0.03080001;0;0;0;8.12;326.8;326.4;Normal;0.009994507;3.007868
SceneName;0.89;-0.41;0.02;-0.22;698;791;797;-0.7058;1.402421;-0.03080001;0;0;0;9.56;325.2;324;Normal;0.008603573;3.016472
SceneName;0.88;-0.41;0.03;-0.22;702;793;801;-0.7058;1.402421;-0.03080001;0;0;0;10.52;323.6;321.2;Normal;0.00840497;3.024877
SceneName;0.88;-0.41;0.04;-0.22;706;797;803;-0.7058;1.402421;-0.03080001;0;0;0;11.48;322.8;319.6;Normal;0.01826024;3.043137
SceneName;0.89;-0.41;0.05;-0.22;712;800;807;-0.7058;1.402421;-0.03080001;0;0;0;12.44;321.2;318.8;Normal;0.007956982;3.051094
SceneName;0.89;-0.41;0.05;-0.22;718;803;810;-0.7058;1.402421;-0.03080001;0;0;0;13.88;320;317.2;Normal;0.005431175;3.056525
SceneName;0.88;-0.41;0.06;-0.22;724;807;812;-0.7058;1.402421;-0.03080001;0;0;0;15.32;318.8;316;Normal;0.01551604;3.072041
SceneName;0.88;-0.41;0.06;-0.22;727;809;813;-0.7058;1.402421;-0.03080001;0;0;0;16.76;317.2;315.2;Normal;0.01044154;3.082483
SceneName;0.88;-0.42;0.06;-0.23;728;811;815;-0.7058;1.402421;-0.03080001;0;0;0;17.48;316.4;314.8;Normal;0.008291006;3.090774
SceneName;0.87;-0.43;0.06;-0.23;730;812;815;-0.7058;1.402421;-0.03080001;0;0;0;17.72;315.6;314;Normal;0.008905649;3.099679
SceneName;0.87;-0.43;0.06;-0.24;730;811;814;-0.7058;1.402421;-0.03080001;0;0;0;18.2;315.2;314;Normal;0.005333424;3.105013
SceneName;0.86;-0.44;0.06;-0.24;729;810;814;-0.7058;1.402421;-0.03080001;0;0;0;18.2;315.6;314.4;Normal;0.01782012;3.122833
SceneName;0.86;-0.44;0.06;-0.24;728;808;813;-0.7058;1.402421;-0.03080001;0;0;0;17.96;316;314.4;Normal;0.005460978;3.128294
SceneName;0.86;-0.45;0.06;-0.24;728;805;810;-0.7058;1.402421;-0.03080001;0;0;0;17.72;316.8;314.8;Normal;0.01406574;3.142359
SceneName;0.86;-0.45;0.07;-0.24;726;801;806;-0.7058;1.402421;-0.03080001;0;0;0;17.72;318;316;Normal;0.01011348;3.152473
SceneName;0.86;-0.45;0.07;-0.24;723;796;801;-0.7058;1.402421;-0.03080001;0;0;0;17.24;319.6;317.6;Normal;0.005638361;3.158111
SceneName;0.86;-0.45;0.08;-0.24;722;789;797;-0.7058;1.402421;-0.03080001;0;0;0;16.52;321.6;319.6;Normal;0.01489687;3.173008
SceneName;0.86;-0.45;0.09;-0.24;721;784;794;-0.7058;1.402421;-0.03080001;0;0;0;16.28;324.4;321.2;Normal;0.008535624;3.181544
SceneName;0.86;-0.45;0.09;-0.24;718;776;789;-0.7058;1.402421;-0.03080001;0;0;0;16.04;326.4;322.4;Normal;0.009113789;3.190658
SceneName;0.86;-0.45;0.10;-0.24;719;765;784;-0.7058;1.402421;-0.03080001;0;0;0;15.32;329.6;324.4;Normal;0.009738207;3.200396
SceneName;0.86;-0.44;0.10;-0.25;718;753;777;-0.7058;1.402421;-0.03080001;0;0;0;15.56;334;326.4;Normal;0.006051779;3.206448
SceneName;0.86;-0.44;0.11;-0.25;716;739;773;-0.7058;1.402421;-0.03080001;0;0;0;15.32;338.8;329.2;Normal;0.01625037;3.222698
SceneName;0.86;-0.44;0.11;-0.25;713;725;767;-0.7058;1.402421;-0.03080001;0;0;0;14.84;344.4;330.8;Normal;0.00907135;3.231769
SceneName;0.86;-0.43;0.11;-0.25;711;711;760;-0.7058;1.402421;-0.03080001;0;0;0;14.12;350;333.2;Normal;0.005654812;3.237424
SceneName;0.86;-0.43;0.11;-0.24;708;698;753;-0.7058;1.402421;-0.03080001;0;0;0;13.64;355.6;336;Normal;0.01537132;3.252795
SceneName;0.87;-0.42;0.11;-0.24;705;685;747;-0.7058;1.402421;-0.03080001;0;0;0;12.92;0.8000014;338.8;Normal;0.008684397;3.26148
SceneName;0.87;-0.42;0.11;-0.24;703;677;741;-0.7058;1.402421;-0.03080001;0;0;0;12.2;6.000002;341.2;Normal;0.009475708;3.270956
SceneName;0.87;-0.41;0.11;-0.24;700;669;734;-0.7058;1.402421;-0.03080001;0;0;0;11.72;9.200001;343.6;Normal;0.009306908;3.280262
SceneName;0.87;-0.41;0.11;-0.24;698;663;729;-0.7058;1.402421;-0.03080001;0;0;0;11;12.4;346.4;Normal;0.006108999;3.286371
SceneName;0.88;-0.41;0.11;-0.24;697;659;725;-0.7058;1.402421;-0.03080001;0;0;0;10.52;14.8;348.4;Normal;0.01681018;3.303182
SceneName;0.88;-0.40;0.10;-0.24;695;655;720;-0.7058;1.402421;-0.03080001;0;0;0;10.28;16.39999;350;Normal;0.008233786;3.311415
SceneName;0.88;-0.40;0.10;-0.23;693;652;716;-0.7058;1.402421;-0.03080001;0;0;0;9.8;18;352;Normal;0.009689331;3.321105
SceneName;0.88;-0.40;0.10;-0.23;691;648;712;-0.7058;1.402421;-0.03080001;0;0;0;9.320001;19.2;353.6;Normal;0.008951426;3.330056
SceneName;0.88;-0.40;0.10;-0.23;690;645;706;-0.7058;1.402421;-0.03080001;0;0;0;8.84;20.80001;355.2;Normal;0.005742788;3.335799
SceneName;0.88;-0.40;0.10;-0.24;689;643;704;-0.7058;1.402421;-0.03080001;0;0;0;8.6;22.00001;357.6;Normal;0.01719236;3.352991
SceneName;0.88;-0.40;0.10;-0.24;687;641;700;-0.7058;1.402421;-0.03080001;0;0;0;8.359999;22.8;358.4;Normal;0.01024461;3.363236
SceneName;0.88;-0.40;0.10;-0.24;685;640;697;-0.7058;1.402421;-0.03080001;0;0;0;7.880001;23.6;-5.008956E-06;Normal;0.007839918;3.371076
SceneName;0.88;-0.39;0.10;-0.24;682;638;694;-0.7058;1.402421;-0.03080001;0;0;0;7.4;24;1.200005;Normal;0.01005912;3.381135
SceneName;0.88;-0.39;0.11;-0.24;680;637;691;-0.7058;1.402421;-0.03080001;0;0;0;6.68;24.8;2.400001;Normal;0.006314039;3.387449
SceneName;0.88;-0.39;0.11;-0.23;676;636;690;-0.7058;1.402421;-0.03080001;0;0;0;6.2;25.19999;3.600011;Normal;0.01537752;3.402827
SceneName;0.88;-0.39;0.11;-0.23;673;637;687;-0.7058;1.402421;-0.03080001;0;0;0;5.240001;25.60001;4;Normal;0.009349108;3.412176
SceneName;0.89;-0.39;0.10;-0.23;670;635;684;-0.7058;1.402421;-0.03080001;0;0;0;4.52;25.19999;5.199996;Normal;0.008965015;3.421141
SceneName;0.89;-0.39;0.09;-0.22;669;634;682;-0.7058;1.402421;-0.03080001;0;0;0;3.800001;26;6.399992;Normal;0.005990505;3.427131
SceneName;0.90;-0.38;0.08;-0.21;668;632;679;-0.7058;1.402421;-0.03080001;0;0;0;3.56;26.4;7.199998;Normal;0.01596355;3.443095
SceneName;0.90;-0.38;0.05;-0.21;667;630;676;-0.7058;1.402421;-0.03080001;0;0;0;3.32;27.2;8.399995;Normal;0.009097815;3.452193
SceneName;0.91;-0.37;0.02;-0.20;666;629;672;-0.7058;1.402421;-0.03080001;0;0;0;3.08;28;9.600003;Normal;0.006042004;3.458235
SceneName;0.91;-0.37;-0.01;-0.19;666;628;667;-0.7058;1.402421;-0.03080001;0;0;0;2.84;28.39999;11.2;Normal;0.01502919;3.473264
SceneName;0.91;-0.36;-0.05;-0.18;666;626;662;-0.7058;1.402421;-0.03080001;0;0;0;2.84;28.80001;13.20001;Normal;0.009949923;3.483214
SceneName;0.91;-0.36;-0.08;-0.17;666;624;657;-0.7058;1.402421;-0.03080001;0;0;0;2.84;29.60001;15.19999;Normal;0.008041382;3.491255
SceneName;0.91;-0.36;-0.12;-0.16;667;622;652;-0.7058;1.402421;-0.03080001;0;0;0;2.84;30.4;17.2;Normal;0.008772135;3.500027
SceneName;0.91;-0.35;-0.14;-0.15;666;620;648;-0.7058;1.402421;-0.03080001;0;0;0;3.08;31.2;19.2;Normal;0.009676456;3.509704
SceneName;0.91;-0.35;-0.16;-0.14;667;618;644;-0.7058;1.402421;-0.03080001;0;0;0;2.84;32;20.80001;Normal;0.00835371;3.518057
SceneName;0.91;-0.35;-0.17;-0.13;666;616;641;-0.7058;1.402421;-0.03080001;0;0;0;3.08;32.8;22.4;Normal;0.009772301;3.52783
SceneName;0.91;-0.36;-0.18;-0.12;663;614;639;-0.7058;1.402421;-0.03080001;0;0;0;2.84;33.60001;23.6;Normal;0.008495569;3.536325
SceneName;0.91;-0.36;-0.18;-0.12;661;612;638;-0.7058;1.402421;-0.03080001;0;0;0;2.12;34.4;24.4;Normal;0.01740241;3.553728
SceneName;0.91;-0.36;-0.18;-0.12;660;612;638;-0.7058;1.402421;-0.03080001;0;0;0;1.64;35.20001;24.8;Normal;0.009735823;3.563463
SceneName;0.91;-0.36;-0.18;-0.12;659;612;637;-0.7058;1.402421;-0.03080001;0;0;0;1.4;35.20001;24.8;Normal;0.007658005;3.571121
SceneName;0.90;-0.37;-0.19;-0.11;658;611;636;-0.7058;1.402421;-0.03080001;0;0;0;1.16;35.20001;25.19999;Normal;0.009646177;3.580768
SceneName;0.90;-0.37;-0.19;-0.11;658;611;636;-0.7058;1.402421;-0.03080001;0;0;0;0.9200001;35.60001;25.60001;Normal;0.008553505;3.589321
SceneName;0.90;-0.37;-0.20;-0.11;658;611;636;-0.7058;1.402421;-0.03080001;0;0;0;0.9200001;35.60001;25.60001;Normal;0.008278608;3.5976
SceneName;0.90;-0.37;-0.21;-0.11;658;610;634;-0.7058;1.402421;-0.03080001;0;0;0;0.9200001;35.60001;25.60001;Normal;0.009499788;3.6071
SceneName;0.90;-0.37;-0.22;-0.11;658;611;634;-0.7058;1.402421;-0.03080001;0;0;0;0.9200001;36;26.4;Normal;0.008518934;3.615618
SceneName;0.89;-0.37;-0.23;-0.11;658;610;634;-0.7058;1.402421;-0.03080001;0;0;0;0.9200001;35.60001;26.4;Normal;0.01729703;3.632915
SceneName;0.89;-0.37;-0.23;-0.11;658;611;633;-0.7058;1.402421;-0.03080001;0;0;0;0.9200001;36;26.4;Normal;0.008840084;3.641756
SceneName;0.89;-0.37;-0.24;-0.11;657;611;634;-0.7058;1.402421;-0.03080001;0;0;0;0.9200001;35.60001;26.8;Normal;0.009123564;3.650879
SceneName;0.89;-0.37;-0.23;-0.12;657;611;634;-0.7058;1.402421;-0.03080001;0;0;0;0.68;35.60001;26.4;Normal;0.008877039;3.659756
SceneName;0.89;-0.38;-0.23;-0.12;656;611;634;-0.7058;1.402421;-0.03080001;0;0;0;0.68;35.60001;26.4;Normal;0.009155035;3.668911
SceneName;0.89;-0.38;-0.23;-0.12;656;613;634;-0.7058;1.402421;-0.03080001;0;0;0;0.44;35.60001;26.4;Normal;0.008653402;3.677565
SceneName;0.89;-0.38;-0.22;-0.12;655;613;634;-0.7058;1.402421;-0.03080001;0;0;0;0.44;34.8;26.4;Normal;0.009528637;3.687093
SceneName;0.89;-0.38;-0.22;-0.12;655;613;634;-0.7058;1.402421;-0.03080001;0;0;0;0.2;34.8;26.4;Normal;0.008515835;3.695609
SceneName;0.89;-0.38;-0.22;-0.11;655;614;634;-0.7058;1.402421;-0.03080001;0;0;0;0.2;34.8;26.4;Normal;0.01768351;3.713293
SceneName;0.89;-0.38;-0.22;-0.11;654;613;635;-0.7058;1.402421;-0.03080001;0;0;0;0.2;34.4;26.4;Normal;0.008151293;3.721444
SceneName;0.89;-0.38;-0.22;-0.11;654;613;635;-0.7058;1.402421;-0.03080001;0;0;0;359.96;34.8;26;Normal;0.009485245;3.730929
SceneName;0.89;-0.37;-0.22;-0.11;655;614;635;-0.7058;1.402421;-0.03080001;0;0;0;359.96;34.8;26;Normal;0.008620024;3.739549
SceneName;0.89;-0.37;-0.23;-0.11;655;614;635;-0.7058;1.402421;-0.03080001;0;0;0;0.2;34.4;26;Normal;0.009571075;3.74912
SceneName;0.89;-0.37;-0.23;-0.11;654;615;635;-0.7058;1.402421;-0.03080001;0;0;0;0.2;34.4;26;Normal;0.008370876;3.757491
SceneName;0.90;-0.37;-0.23;-0.11;654;616;635;-0.7058;1.402421;-0.03080001;0;0;0;359.96;34.00001;26;Normal;0.01038003;3.767871
SceneName;0.90;-0.36;-0.23;-0.11;654;617;636;-0.7058;1.402421;-0.03080001;0;0;0;359.96;33.60001;26;Normal;0.008286953;3.776158
SceneName;0.90;-0.36;-0.23;-0.11;653;619;637;-0.7058;1.402421;-0.03080001;0;0;0;359.96;33.2;25.60001;Normal;0.01679826;3.792956
SceneName;0.90;-0.36;-0.23;-0.11;653;622;639;-0.7058;1.402421;-0.03080001;0;0;0;359.72;32.4;25.19999;Normal;0.009259224;3.802216
SceneName;0.90;-0.36;-0.22;-0.11;653;631;646;-0.7058;1.402421;-0.03080001;0;0;0;359.72;31.2;24.4;Normal;0.008651018;3.810867
SceneName;0.90;-0.36;-0.22;-0.11;652;642;658;-0.7058;1.402421;-0.03080001;0;0;0;359.72;27.60001;21.6;Normal;0.00893569;3.819802
SceneName;0.90;-0.36;-0.21;-0.11;652;657;671;-0.7058;1.402421;-0.03080001;0;0;0;359.48;23.20001;16.80001;Normal;0.008910418;3.828713
SceneName;0.90;-0.36;-0.21;-0.11;653;675;686;-0.7058;1.402421;-0.03080001;0;0;0;359.48;17.2;11.60001;Normal;0.008809328;3.837522
SceneName;0.90;-0.36;-0.20;-0.11;654;696;700;-0.7058;1.402421;-0.03080001;0;0;0;359.72;10.00001;5.600012;Normal;0.0090065;3.846529
SceneName;0.90;-0.36;-0.19;-0.12;657;717;713;-0.7058;1.402421;-0.03080001;0;0;0;359.96;1.600008;-5.008956E-06;Normal;0.009528875;3.856057
SceneName;0.90;-0.37;-0.19;-0.12;660;737;726;-0.7058;1.402421;-0.03080001;0;0;0;0.68;353.2;354.8;Normal;0.01710153;3.873159
SceneName;0.90;-0.37;-0.18;-0.12;663;752;738;-0.7058;1.402421;-0.03080001;0;0;0;1.4;345.2;349.6;Normal;0.008499384;3.881658
SceneName;0.90;-0.37;-0.17;-0.13;666;766;750;-0.7058;1.402421;-0.03080001;0;0;0;2.12;339.2;344.8;Normal;0.009627819;3.891286
SceneName;0.90;-0.38;-0.16;-0.13;667;775;759;-0.7058;1.402421;-0.03080001;0;0;0;2.84;333.6;340;Normal;0.008642197;3.899928
SceneName;0.90;-0.38;-0.15;-0.14;668;782;767;-0.7058;1.402421;-0.03080001;0;0;0;3.08;330;336.4;Normal;0.009071112;3.908999
SceneName;0.90;-0.39;-0.14;-0.14;669;787;773;-0.7058;1.402421;-0.03080001;0;0;0;3.32;327.2;333.2;Normal;0.008546352;3.917546
SceneName;0.90;-0.39;-0.13;-0.14;668;790;778;-0.7058;1.402421;-0.03080001;0;0;0;3.56;325.2;330.8;Normal;0.008896351;3.926442
SceneName;0.90;-0.39;-0.12;-0.14;669;794;783;-0.7058;1.402421;-0.03080001;0;0;0;3.32;324;328.8;Normal;0.009039402;3.935482
SceneName;0.90;-0.40;-0.12;-0.15;670;798;787;-0.7058;1.402421;-0.03080001;0;0;0;3.56;322.4;326.8;Normal;0.01791477;3.953396
SceneName;0.90;-0.40;-0.12;-0.15;671;801;792;-0.7058;1.402421;-0.03080001;0;0;0;3.800001;320.8;325.2;Normal;0.008238316;3.961635
SceneName;0.90;-0.40;-0.11;-0.15;674;805;796;-0.7058;1.402421;-0.03080001;0;0;0;4.040001;319.6;323.2;Normal;0.0103662;3.972001
SceneName;0.90;-0.40;-0.11;-0.15;676;809;800;-0.7058;1.402421;-0.03080001;0;0;0;4.76;318;321.6;Normal;0.008009195;3.98001
SceneName;0.90;-0.40;-0.11;-0.15;677;810;803;-0.7058;1.402421;-0.03080001;0;0;0;5.240001;316.4;320;Normal;0.0096035;3.989614
SceneName;0.89;-0.41;-0.11;-0.15;678;813;807;-0.7058;1.402421;-0.03080001;0;0;0;5.48;316;318.8;Normal;0.008193731;3.997807
SceneName;0.89;-0.41;-0.10;-0.16;678;814;809;-0.7058;1.402421;-0.03080001;0;0;0;5.719999;314.8;317.2;Normal;0.009185553;4.006993
SceneName;0.89;-0.41;-0.10;-0.16;679;815;811;-0.7058;1.402421;-0.03080001;0;0;0;5.719999;314.4;316.4;Normal;0.008729935;4.015723
SceneName;0.89;-0.41;-0.09;-0.16;678;816;811;-0.7058;1.402421;-0.03080001;0;0;0;5.96;314;315.6;Normal;0.01762056;4.033343
SceneName;0.89;-0.41;-0.09;-0.16;678;818;812;-0.7058;1.402421;-0.03080001;0;0;0;5.719999;313.6;315.6;Normal;0.008443832;4.041787
SceneName;0.89;-0.41;-0.08;-0.16;679;819;813;-0.7058;1.402421;-0.03080001;0;0;0;5.719999;312.8;315.2;Normal;0.009651184;4.051438
SceneName;0.89;-0.41;-0.08;-0.16;679;819;813;-0.7058;1.402421;-0.03080001;0;0;0;5.96;312.4;314.8;Normal;0.008346081;4.059784
SceneName;0.89;-0.41;-0.08;-0.16;679;818;814;-0.7058;1.402421;-0.03080001;0;0;0;5.96;312.4;314.8;Normal;0.008898258;4.068683
SceneName;0.89;-0.42;-0.07;-0.16;679;818;813;-0.7058;1.402421;-0.03080001;0;0;0;5.96;312.8;314.4;Normal;0.009184837;4.077868
SceneName;0.89;-0.41;-0.07;-0.16;678;817;813;-0.7058;1.402421;-0.03080001;0;0;0;5.96;312.8;314.8;Normal;0.009271622;4.087139
SceneName;0.89;-0.41;-0.07;-0.16;678;815;811;-0.7058;1.402421;-0.03080001;0;0;0;5.719999;313.2;314.8;Normal;0.008944035;4.096083
SceneName;0.89;-0.41;-0.07;-0.16;676;811;810;-0.7058;1.402421;-0.03080001;0;0;0;5.719999;314;315.6;Normal;0.01721668;4.1133
SceneName;0.90;-0.41;-0.07;-0.16;676;807;806;-0.7058;1.402421;-0.03080001;0;0;0;5.240001;315.6;316;Normal;0.008836269;4.122136
SceneName;0.90;-0.41;-0.07;-0.16;675;802;801;-0.7058;1.402421;-0.03080001;0;0;0;5.240001;317.2;317.6;Normal;0.008754253;4.13089
SceneName;0.90;-0.40;-0.08;-0.16;675;797;798;-0.7058;1.402421;-0.03080001;0;0;0;5;319.2;319.6;Normal;0.009109974;4.14
SceneName;0.90;-0.40;-0.08;-0.16;674;792;794;-0.7058;1.402421;-0.03080001;0;0;0;5;321.2;320.8;Normal;0.009196758;4.149197
SceneName;0.90;-0.40;-0.09;-0.16;673;785;790;-0.7058;1.402421;-0.03080001;0;0;0;4.76;323.2;322.4;Normal;0.008420467;4.157618
SceneName;0.90;-0.39;-0.09;-0.16;674;777;786;-0.7058;1.402421;-0.03080001;0;0;0;4.52;326;324;Normal;0.008825302;4.166443
SceneName;0.90;-0.39;-0.10;-0.16;674;767;781;-0.7058;1.402421;-0.03080001;0;0;0;4.76;329.2;325.6;Normal;0.01053572;4.176979
SceneName;0.90;-0.38;-0.10;-0.16;674;760;777;-0.7058;1.402421;-0.03080001;0;0;0;4.76;333.2;327.6;Normal;0.0173378;4.194316
SceneName;0.91;-0.38;-0.11;-0.16;674;749;772;-0.7058;1.402421;-0.03080001;0;0;0;4.76;336;329.2;Normal;0.008048534;4.202365
SceneName;0.91;-0.38;-0.11;-0.16;674;741;768;-0.7058;1.402421;-0.03080001;0;0;0;4.76;340.4;331.2;Normal;0.008738041;4.211103
SceneName;0.91;-0.37;-0.12;-0.16;675;732;764;-0.7058;1.402421;-0.03080001;0;0;0;4.76;343.6;332.8;Normal;0.008645535;4.219748
SceneName;0.91;-0.37;-0.12;-0.16;674;724;760;-0.7058;1.402421;-0.03080001;0;0;0;5;347.2;334.4;Normal;0.009389877;4.229138
SceneName;0.91;-0.37;-0.12;-0.16;674;716;756;-0.7058;1.402421;-0.03080001;0;0;0;4.76;350.4;336;Normal;0.009131432;4.23827
SceneName;0.91;-0.37;-0.12;-0.16;672;707;752;-0.7058;1.402421;-0.03080001;0;0;0;4.76;353.6;337.6;Normal;0.009299278;4.247569
SceneName;0.91;-0.37;-0.12;-0.16;668;698;749;-0.7058;1.402421;-0.03080001;0;0;0;4.28;357.2;339.2;Normal;0.008523941;4.256093
SceneName;0.91;-0.37;-0.10;-0.17;663;687;745;-0.7058;1.402421;-0.03080001;0;0;0;3.32;0.8000014;340.4;Normal;0.01795912;4.274052
SceneName;0.91;-0.37;-0.08;-0.17;658;676;741;-0.7058;1.402421;-0.03080001;0;0;0;2.12;5.199996;342;Normal;0.00837183;4.282424
SceneName;0.91;-0.37;-0.05;-0.18;655;668;739;-0.7058;1.402421;-0.03080001;0;0;0;0.9200001;9.600003;343.6;Normal;0.009026051;4.29145
SceneName;0.91;-0.38;-0.01;-0.19;652;660;737;-0.7058;1.402421;-0.03080001;0;0;0;0.2;12.8;344.4;Normal;0.008964539;4.300415
SceneName;0.90;-0.38;0.03;-0.19;649;655;737;-0.7058;1.402421;-0.03080001;0;0;0;359.48;16;345.2;Normal;0.009208679;4.309623
SceneName;0.90;-0.39;0.07;-0.20;645;650;736;-0.7058;1.402421;-0.03080001;0;0;0;358.76;18;345.2;Normal;0.008967876;4.318591
SceneName;0.89;-0.39;0.12;-0.21;643;648;736;-0.7058;1.402421;-0.03080001;0;0;0;357.8;20.00001;345.6;Normal;0.008813381;4.327404
SceneName;0.88;-0.39;0.17;-0.22;641;647;736;-0.7058;1.402421;-0.03080001;0;0;0;357.32;20.80001;345.6;Normal;0.009066582;4.336471
SceneName;0.86;-0.39;0.23;-0.23;640;647;736;-0.7058;1.402421;-0.03080001;0;0;0;356.84;21.2;345.6;Normal;0.009136677;4.345608
SceneName;0.84;-0.39;0.28;-0.25;640;649;738;-0.7058;1.402421;-0.03080001;0;0;0;356.6;21.2;345.6;Normal;0.01822376;4.363832
SceneName;0.82;-0.38;0.34;-0.26;640;652;739;-0.7058;1.402421;-0.03080001;0;0;0;356.6;20.39999;344.8;Normal;0.006783962;4.370615
SceneName;0.80;-0.37;0.39;-0.27;639;656;739;-0.7058;1.402421;-0.03080001;0;0;0;356.6;19.2;344.4;Normal;0.01426601;4.384881
SceneName;0.78;-0.36;0.43;-0.28;639;660;693;-0.7058;1.402421;-0.03080001;0;0;0;356.36;17.60001;344.4;Normal;0.00819397;4.393075
SceneName;0.75;-0.35;0.47;-0.29;639;662;680;-0.7058;1.402421;-0.03080001;0;0;0;356.36;16;2.800004;Normal;0.006345749;4.399421
SceneName;0.73;-0.35;0.51;-0.30;639;665;678;-0.7058;1.402421;-0.03080001;0;0;0;356.36;15.19999;8.000005;Normal;0.01422119;4.413642
SceneName;0.71;-0.34;0.54;-0.31;639;667;680;-0.7058;1.402421;-0.03080001;0;0;0;356.36;14;8.800011;Normal;0.006965637;4.420608
SceneName;0.69;-0.33;0.56;-0.31;639;668;681;-0.7058;1.402421;-0.03080001;0;0;0;356.36;13.20001;8.000005;Normal;0.01333904;4.433947
SceneName;0.68;-0.33;0.58;-0.32;640;669;683;-0.7058;1.402421;-0.03080001;0;0;0;356.36;12.8;7.600002;Normal;0.008309364;4.442256
SceneName;0.67;-0.33;0.59;-0.32;641;670;683;-0.7058;1.402421;-0.03080001;0;0;0;356.6;12.4;6.800008;Normal;0.009668827;4.451925
SceneName;0.66;-0.33;0.59;-0.32;642;672;684;-0.7058;1.402421;-0.03080001;0;0;0;356.84;12;6.800008;Normal;0.00950098;4.461426
SceneName;0.67;-0.34;0.58;-0.32;643;675;687;-0.7058;1.402421;-0.03080001;0;0;0;357.08;11.2;6.399992;Normal;0.009353161;4.470779
SceneName;0.68;-0.34;0.57;-0.32;645;679;691;-0.7058;1.402421;-0.03080001;0;0;0;357.32;10.00001;5.199996;Normal;0.006067753;4.476847
SceneName;0.69;-0.35;0.55;-0.31;646;682;693;-0.7058;1.402421;-0.03080001;0;0;0;357.8;8.399995;3.600011;Normal;0.01721191;4.494059
SceneName;0.71;-0.36;0.52;-0.30;646;684;694;-0.7058;1.402421;-0.03080001;0;0;0;358.04;7.199998;2.800004;Normal;0.00897789;4.503037
SceneName;0.73;-0.37;0.49;-0.29;648;686;728;-0.7058;1.402421;-0.03080001;0;0;0;358.04;6.399992;2.400001;Normal;0.00881815;4.511855
SceneName;0.76;-0.38;0.45;-0.28;648;687;743;-0.7058;1.402421;-0.03080001;0;0;0;358.52;5.600012;348.8;Normal;0.005932331;4.517787
SceneName;0.79;-0.39;0.40;-0.27;649;687;742;-0.7058;1.402421;-0.03080001;0;0;0;358.52;5.199996;342.8;Normal;0.01548672;4.533274
SceneName;0.81;-0.40;0.34;-0.25;649;687;740;-0.7058;1.402421;-0.03080001;0;0;0;358.76;5.199996;343.2;Normal;0.008627892;4.541902
SceneName;0.83;-0.41;0.29;-0.24;649;687;740;-0.7058;1.402421;-0.03080001;0;0;0;358.76;5.199996;344;Normal;0.005883694;4.547786
SceneName;0.85;-0.41;0.22;-0.22;648;685;739;-0.7058;1.402421;-0.03080001;0;0;0;358.76;5.199996;344;Normal;0.01590633;4.563692
SceneName;0.87;-0.42;0.15;-0.21;649;684;737;-0.7058;1.402421;-0.03080001;0;0;0;358.52;6.000002;344.4;Normal;0.008425236;4.572117
SceneName;0.88;-0.42;0.09;-0.19;653;684;736;-0.7058;1.402421;-0.03080001;0;0;0;358.76;6.399992;345.2;Normal;0.01041555;4.582533
SceneName;0.89;-0.41;0.02;-0.18;659;684;736;-0.7058;1.402421;-0.03080001;0;0;0;359.72;6.399992;345.6;Normal;0.008822441;4.591355
SceneName;0.90;-0.41;-0.04;-0.16;671;688;733;-0.7058;1.402421;-0.03080001;0;0;0;1.16;6.399992;345.6;Normal;0.006278515;4.597634
SceneName;0.90;-0.40;-0.10;-0.15;684;692;732;-0.7058;1.402421;-0.03080001;0;0;0;4.040001;4.800006;346.8;Normal;0.01650047;4.614134
SceneName;0.90;-0.39;-0.15;-0.14;697;695;731;-0.7058;1.402421;-0.03080001;0;0;0;7.159999;3.199993;347.2;Normal;0.01373768;4.627872
SceneName;0.89;-0.39;-0.18;-0.14;706;697;729;-0.7058;1.402421;-0.03080001;0;0;0;10.28;1.999997;347.6;Normal;0.008031368;4.635903
SceneName;0.89;-0.38;-0.20;-0.13;714;700;729;-0.7058;1.402421;-0.03080001;0;0;0;12.44;1.200005;348.4;Normal;0.005925655;4.641829
SceneName;0.89;-0.38;-0.21;-0.13;718;700;728;-0.7058;1.402421;-0.03080001;0;0;0;14.36;-5.008956E-06;348.4;Normal;0.007735729;4.649565
SceneName;0.89;-0.38;-0.22;-0.13;722;699;726;-0.7058;1.402421;-0.03080001;0;0;0;15.32;-5.008956E-06;348.8;Normal;0.008292198;4.657857
SceneName;0.89;-0.38;-0.22;-0.13;724;701;726;-0.7058;1.402421;-0.03080001;0;0;0;16.28;0.3999982;349.6;Normal;0.009046078;4.666903
SceneName;0.89;-0.39;-0.22;-0.12;725;701;725;-0.7058;1.402421;-0.03080001;0;0;0;16.76;359.6;349.6;Normal;0.0105629;4.677466
SceneName;0.89;-0.39;-0.22;-0.12;729;705;724;-0.7058;1.402421;-0.03080001;0;0;0;17;359.6;350;Normal;0.01619101;4.693657
SceneName;0.88;-0.40;-0.22;-0.12;734;711;724;-0.7058;1.402421;-0.03080001;0;0;0;17.96;358;350.4;Normal;0.008534908;4.702192
SceneName;0.88;-0.40;-0.22;-0.11;740;715;724;-0.7058;1.402421;-0.03080001;0;0;0;19.16;355.6;350.4;Normal;0.009393215;4.711585
SceneName;0.88;-0.40;-0.23;-0.11;741;724;723;-0.7058;1.402421;-0.03080001;0;0;0;20.6;354;350.4;Normal;0.008274078;4.719859
SceneName;0.88;-0.40;-0.24;-0.11;744;734;723;-0.7058;1.402421;-0.03080001;0;0;0;20.84;350.4;350.8;Normal;0.009456158;4.729315
SceneName;0.88;-0.41;-0.24;-0.11;746;744;723;-0.7058;1.402421;-0.03080001;0;0;0;21.56;346.4;350.8;Normal;0.008855343;4.738171
SceneName;0.87;-0.41;-0.25;-0.11;747;755;726;-0.7058;1.402421;-0.03080001;0;0;0;22.04;342.4;350.8;Normal;0.008514881;4.746686
SceneName;0.87;-0.41;-0.25;-0.11;749;766;728;-0.7058;1.402421;-0.03080001;0;0;0;22.28;338;349.6;Normal;0.008308887;4.754994
SceneName;0.87;-0.41;-0.25;-0.11;750;778;732;-0.7058;1.402421;-0.03080001;0;0;0;22.76;333.6;348.8;Normal;0.01873255;4.773727
SceneName;0.87;-0.41;-0.25;-0.11;751;785;737;-0.7058;1.402421;-0.03080001;0;0;0;23;328.8;347.2;Normal;0.009705067;4.783432
SceneName;0.87;-0.42;-0.24;-0.11;751;791;741;-0.7058;1.402421;-0.03080001;0;0;0;23.24;326;345.2;Normal;0.007948875;4.791381
SceneName;0.87;-0.42;-0.24;-0.11;750;797;745;-0.7058;1.402421;-0.03080001;0;0;0;23.24;323.6;343.6;Normal;0.008858681;4.80024
SceneName;0.87;-0.43;-0.23;-0.11;748;802;748;-0.7058;1.402421;-0.03080001;0;0;0;23;321.2;342;Normal;0.009280205;4.80952
SceneName;0.87;-0.43;-0.22;-0.11;745;806;751;-0.7058;1.402421;-0.03080001;0;0;0;22.52;319.2;340.8;Normal;0.008237839;4.817758
SceneName;0.87;-0.43;-0.21;-0.11;743;810;754;-0.7058;1.402421;-0.03080001;0;0;0;21.8;317.6;339.6;Normal;0.009096146;4.826854
SceneName;0.87;-0.44;-0.20;-0.11;742;812;757;-0.7058;1.402421;-0.03080001;0;0;0;21.32;316;338.4;Normal;0.008090019;4.834944
SceneName;0.87;-0.44;-0.20;-0.11;741;813;760;-0.7058;1.402421;-0.03080001;0;0;0;21.08;315.2;337.2;Normal;0.01834297;4.853287
SceneName;0.87;-0.44;-0.19;-0.11;739;814;763;-0.7058;1.402421;-0.03080001;0;0;0;20.84;314.8;336;Normal;0.008721352;4.862008
SceneName;0.87;-0.44;-0.19;-0.11;738;814;765;-0.7058;1.402421;-0.03080001;0;0;0;20.36;314.4;334.8;Normal;0.01040268;4.872411
SceneName;0.87;-0.45;-0.19;-0.11;737;815;768;-0.7058;1.402421;-0.03080001;0;0;0;20.12;314.4;334;Normal;0.00799799;4.880409
SceneName;0.87;-0.45;-0.18;-0.11;737;816;770;-0.7058;1.402421;-0.03080001;0;0;0;19.88;314;332.8;Normal;0.008752823;4.889162
SceneName;0.87;-0.45;-0.18;-0.11;736;814;771;-0.7058;1.402421;-0.03080001;0;0;0;19.88;313.6;332;Normal;0.008440495;4.897602
SceneName;0.87;-0.45;-0.18;-0.11;735;814;773;-0.7058;1.402421;-0.03080001;0;0;0;19.64;314.4;331.6;Normal;0.009352207;4.906954
SceneName;0.87;-0.45;-0.17;-0.11;735;813;774;-0.7058;1.402421;-0.03080001;0;0;0;19.4;314.4;330.8;Normal;0.008360863;4.915315
SceneName;0.87;-0.45;-0.17;-0.11;734;812;774;-0.7058;1.402421;-0.03080001;0;0;0;19.4;314.8;330.4;Normal;0.01980639;4.935122
SceneName;0.87;-0.45;-0.16;-0.11;733;811;775;-0.7058;1.402421;-0.03080001;0;0;0;19.16;315.2;330.4;Normal;0.008268833;4.94339
SceneName;0.87;-0.45;-0.15;-0.11;731;806;775;-0.7058;1.402421;-0.03080001;0;0;0;18.92;315.6;330;Normal;0.009077072;4.952467
SceneName;0.87;-0.45;-0.15;-0.10;731;801;775;-0.7058;1.402421;-0.03080001;0;0;0;18.44;317.6;330;Normal;0.008951187;4.961419
SceneName;0.87;-0.45;-0.15;-0.10;730;797;775;-0.7058;1.402421;-0.03080001;0;0;0;18.44;319.6;330;Normal;0.007781029;4.9692
SceneName;0.88;-0.45;-0.14;-0.10;728;790;774;-0.7058;1.402421;-0.03080001;0;0;0;18.2;321.2;330;Normal;0.008839607;4.978039
SceneName;0.88;-0.45;-0.14;-0.10;727;783;773;-0.7058;1.402421;-0.03080001;0;0;0;17.72;324;330.4;Normal;0.01004505;4.988084
SceneName;0.88;-0.45;-0.14;-0.10;726;777;773;-0.7058;1.402421;-0.03080001;0;0;0;17.48;326.8;330.8;Normal;0.007196903;4.995281
SceneName;0.88;-0.44;-0.13;-0.10;725;768;771;-0.7058;1.402421;-0.03080001;0;0;0;17.24;329.2;330.8;Normal;0.01876593;5.014047
SceneName;0.88;-0.44;-0.13;-0.10;724;760;770;-0.7058;1.402421;-0.03080001;0;0;0;17;332.8;331.6;Normal;0.007565022;5.021612
SceneName;0.89;-0.44;-0.12;-0.09;722;752;768;-0.7058;1.402421;-0.03080001;0;0;0;16.76;336;332;Normal;0.008996964;5.030609
SceneName;0.89;-0.44;-0.11;-0.09;721;743;765;-0.7058;1.402421;-0.03080001;0;0;0;16.28;339.2;332.8;Normal;0.009018898;5.039628
SceneName;0.89;-0.44;-0.11;-0.09;720;736;764;-0.7058;1.402421;-0.03080001;0;0;0;16.04;342.8;334;Normal;0.009426594;5.049055
SceneName;0.89;-0.43;-0.10;-0.09;718;729;761;-0.7058;1.402421;-0.03080001;0;0;0;15.8;345.6;334.4;Normal;0.008563995;5.057619
SceneName;0.89;-0.43;-0.10;-0.08;715;722;760;-0.7058;1.402421;-0.03080001;0;0;0;15.32;348.4;335.6;Normal;0.008778572;5.066397
SceneName;0.90;-0.43;-0.09;-0.08;712;715;758;-0.7058;1.402421;-0.03080001;0;0;0;14.6;351.2;336;Normal;0.008458614;5.074856
SceneName;0.90;-0.43;-0.08;-0.08;707;707;756;-0.7058;1.402421;-0.03080001;0;0;0;13.88;354;336.8;Normal;0.01821184;5.093068
SceneName;0.90;-0.43;-0.07;-0.08;702;699;755;-0.7058;1.402421;-0.03080001;0;0;0;12.68;357.2;337.6;Normal;0.01037788;5.103446
SceneName;0.90;-0.43;-0.06;-0.08;694;689;753;-0.7058;1.402421;-0.03080001;0;0;0;11.48;0.3999982;338;Normal;0.007133484;5.110579
SceneName;0.90;-0.42;-0.04;-0.08;687;681;752;-0.7058;1.402421;-0.03080001;0;0;0;9.56;4.39999;338.8;Normal;0.009196758;5.119776
SceneName;0.90;-0.42;-0.02;-0.08;682;673;751;-0.7058;1.402421;-0.03080001;0;0;0;7.880001;7.600002;339.2;Normal;0.009255886;5.129032
SceneName;0.90;-0.42;0.01;-0.08;679;668;750;-0.7058;1.402421;-0.03080001;0;0;0;6.68;10.8;339.6;Normal;0.008443356;5.137475
SceneName;0.90;-0.42;0.03;-0.07;672;662;750;-0.7058;1.402421;-0.03080001;0;0;0;5.96;12.8;340;Normal;0.009348869;5.146824
SceneName;0.90;-0.42;0.05;-0.07;664;656;749;-0.7058;1.402421;-0.03080001;0;0;0;4.28;15.19999;340;Normal;0.009197712;5.156022
SceneName;0.90;-0.42;0.06;-0.07;657;651;748;-0.7058;1.402421;-0.03080001;0;0;0;2.36;17.60001;340.4;Normal;0.01831532;5.174337
SceneName;0.90;-0.42;0.07;-0.07;652;647;747;-0.7058;1.402421;-0.03080001;0;0;0;0.68;19.6;340.8;Normal;0.008751392;5.183088
SceneName;0.90;-0.42;0.08;-0.07;650;645;747;-0.7058;1.402421;-0.03080001;0;0;0;359.48;21.2;341.2;Normal;0.01003933;5.193128
SceneName;0.90;-0.41;0.10;-0.07;649;646;749;-0.7058;1.402421;-0.03080001;0;0;0;359;22.00001;341.2;Normal;0.008975029;5.202103
SceneName;0.90;-0.41;0.11;-0.07;648;650;748;-0.7058;1.402421;-0.03080001;0;0;0;358.76;21.6;340.4;Normal;0.006184101;5.208287
SceneName;0.90;-0.41;0.11;-0.08;648;659;749;-0.7058;1.402421;-0.03080001;0;0;0;358.52;20.00001;340.8;Normal;0.01473761;5.223024
SceneName;0.90;-0.41;0.11;-0.08;648;673;749;-0.7058;1.402421;-0.03080001;0;0;0;358.52;16.39999;340.4;Normal;0.009449959;5.232474
SceneName;0.90;-0.41;0.11;-0.08;648;694;750;-0.7058;1.402421;-0.03080001;0;0;0;358.52;10.8;340.4;Normal;0.009020329;5.241495
SceneName;0.90;-0.41;0.10;-0.07;649;713;751;-0.7058;1.402421;-0.03080001;0;0;0;358.52;2.400001;340;Normal;0.009125233;5.25062
SceneName;0.91;-0.41;0.07;-0.07;651;729;750;-0.7058;1.402421;-0.03080001;0;0;0;358.76;354.8;339.6;Normal;0.005255699;5.255876
SceneName;0.91;-0.40;0.05;-0.07;657;747;752;-0.7058;1.402421;-0.03080001;0;0;0;359.24;348.4;340;Normal;0.01752043;5.273396
SceneName;0.91;-0.40;0.02;-0.07;668;763;753;-0.7058;1.402421;-0.03080001;0;0;0;0.68;341.2;339.2;Normal;0.009120464;5.282516
SceneName;0.91;-0.40;-0.00;-0.07;679;774;753;-0.7058;1.402421;-0.03080001;0;0;0;3.32;334.8;338.8;Normal;0.008919716;5.291436
SceneName;0.92;-0.39;-0.03;-0.08;687;781;756;-0.7058;1.402421;-0.03080001;0;0;0;5.96;330.4;338.8;Normal;0.009535789;5.300972
SceneName;0.92;-0.39;-0.05;-0.08;693;787;757;-0.7058;1.402421;-0.03080001;0;0;0;7.880001;327.6;337.6;Normal;0.008579731;5.309552
SceneName;0.92;-0.39;-0.07;-0.08;698;790;758;-0.7058;1.402421;-0.03080001;0;0;0;9.320001;325.2;337.2;Normal;0.008844376;5.318396
SceneName;0.91;-0.39;-0.08;-0.08;701;793;759;-0.7058;1.402421;-0.03080001;0;0;0;10.52;324;336.8;Normal;0.009195328;5.327591
SceneName;0.91;-0.39;-0.09;-0.08;702;796;760;-0.7058;1.402421;-0.03080001;0;0;0;11.24;322.8;336.4;Normal;0.009396076;5.336987
SceneName;0.91;-0.39;-0.10;-0.08;702;799;759;-0.7058;1.402421;-0.03080001;0;0;0;11.48;321.6;336;Normal;0.01711893;5.354106
SceneName;0.91;-0.39;-0.10;-0.08;702;799;759;-0.7058;1.402421;-0.03080001;0;0;0;11.48;320.4;336.4;Normal;0.008480072;5.362586
SceneName;0.91;-0.39;-0.10;-0.08;702;800;759;-0.7058;1.402421;-0.03080001;0;0;0;11.48;320.4;336.4;Normal;0.008569241;5.371156
SceneName;0.91;-0.39;-0.10;-0.08;702;801;759;-0.7058;1.402421;-0.03080001;0;0;0;11.48;320;336.4;Normal;0.009460449;5.380616
SceneName;0.91;-0.38;-0.11;-0.08;702;801;758;-0.7058;1.402421;-0.03080001;0;0;0;11.48;319.6;336.4;Normal;0.008994579;5.389611
SceneName;0.91;-0.38;-0.11;-0.08;703;801;759;-0.7058;1.402421;-0.03080001;0;0;0;11.48;319.6;336.8;Normal;0.01103735;5.400648
SceneName;0.91;-0.38;-0.12;-0.08;704;798;758;-0.7058;1.402421;-0.03080001;0;0;0;11.72;319.6;336.4;Normal;0.007379055;5.408027
SceneName;0.91;-0.38;-0.12;-0.08;706;797;756;-0.7058;1.402421;-0.03080001;0;0;0;11.96;320.8;336.8;Normal;0.008293152;5.41632
SceneName;0.91;-0.38;-0.13;-0.08;706;792;755;-0.7058;1.402421;-0.03080001;0;0;0;12.44;321.2;337.6;Normal;0.01738739;5.433708
SceneName;0.91;-0.37;-0.13;-0.08;706;787;754;-0.7058;1.402421;-0.03080001;0;0;0;12.44;323.2;338;Normal;0.009509563;5.443217
SceneName;0.91;-0.37;-0.13;-0.08;705;780;752;-0.7058;1.402421;-0.03080001;0;0;0;12.44;325.2;338.4;Normal;0.008392334;5.45161
SceneName;0.92;-0.37;-0.14;-0.08;704;773;751;-0.7058;1.402421;-0.03080001;0;0;0;12.2;328;339.2;Normal;0.008836746;5.460446
SceneName;0.92;-0.37;-0.14;-0.08;702;764;751;-0.7058;1.402421;-0.03080001;0;0;0;11.96;330.8;339.6;Normal;0.009245872;5.469692
SceneName;0.92;-0.37;-0.14;-0.08;702;753;749;-0.7058;1.402421;-0.03080001;0;0;0;11.48;334.4;339.6;Normal;0.008615017;5.478307
SceneName;0.92;-0.36;-0.13;-0.09;700;741;747;-0.7058;1.402421;-0.03080001;0;0;0;11.48;338.8;340.4;Normal;0.009241104;5.487548
SceneName;0.92;-0.36;-0.13;-0.09;698;729;745;-0.7058;1.402421;-0.03080001;0;0;0;11;343.6;341.2;Normal;0.008951664;5.4965
SceneName;0.92;-0.36;-0.13;-0.09;697;719;745;-0.7058;1.402421;-0.03080001;0;0;0;10.52;348.4;342;Normal;0.01769066;5.514191
SceneName;0.92;-0.36;-0.13;-0.08;696;710;741;-0.7058;1.402421;-0.03080001;0;0;0;10.28;352.4;342;Normal;0.008426666;5.522617
SceneName;0.92;-0.36;-0.12;-0.08;695;702;741;-0.7058;1.402421;-0.03080001;0;0;0;10.04;356;343.6;Normal;0.009176254;5.531794
SceneName;0.92;-0.36;-0.12;-0.08;694;696;741;-0.7058;1.402421;-0.03080001;0;0;0;9.8;359.2;343.6;Normal;0.008871555;5.540665
SceneName;0.92;-0.36;-0.11;-0.08;693;691;740;-0.7058;1.402421;-0.03080001;0;0;0;9.56;1.600008;343.6;Normal;0.009088993;5.549754
SceneName;0.92;-0.36;-0.11;-0.08;691;687;740;-0.7058;1.402421;-0.03080001;0;0;0;9.320001;3.600011;344;Normal;0.008946419;5.558701
SceneName;0.93;-0.36;-0.10;-0.08;690;683;740;-0.7058;1.402421;-0.03080001;0;0;0;8.84;5.199996;344;Normal;0.008751869;5.567452
SceneName;0.93;-0.36;-0.09;-0.08;688;679;739;-0.7058;1.402421;-0.03080001;0;0;0;8.6;6.800008;344;Normal;0.008817196;5.57627
SceneName;0.93;-0.36;-0.08;-0.08;685;677;738;-0.7058;1.402421;-0.03080001;0;0;0;8.12;8.399995;344.4;Normal;0.01814413;5.594414
SceneName;0.93;-0.36;-0.06;-0.08;682;673;738;-0.7058;1.402421;-0.03080001;0;0;0;7.4;9.200001;344.8;Normal;0.009817123;5.604231
SceneName;0.93;-0.36;-0.05;-0.08;679;669;737;-0.7058;1.402421;-0.03080001;0;0;0;6.68;10.8;344.8;Normal;0.007650375;5.611881
SceneName;0.93;-0.36;-0.03;-0.08;675;666;737;-0.7058;1.402421;-0.03080001;0;0;0;5.96;12.4;345.2;Normal;0.009750366;5.621632
SceneName;0.93;-0.36;-0.01;-0.08;672;662;736;-0.7058;1.402421;-0.03080001;0;0;0;5;13.60001;345.2;Normal;0.007991314;5.629623
SceneName;0.93;-0.36;0.01;-0.08;669;660;737;-0.7058;1.402421;-0.03080001;0;0;0;4.28;15.19999;345.6;Normal;0.009426594;5.63905
SceneName;0.93;-0.36;0.03;-0.08;666;658;737;-0.7058;1.402421;-0.03080001;0;0;0;3.56;16;345.2;Normal;0.009409428;5.648459
SceneName;0.93;-0.35;0.04;-0.08;663;655;737;-0.7058;1.402421;-0.03080001;0;0;0;2.84;16.80001;345.2;Normal;0.009563923;5.658023
SceneName;0.93;-0.35;0.05;-0.08;660;654;737;-0.7058;1.402421;-0.03080001;0;0;0;2.12;18;345.2;Normal;0.008178711;5.666202
SceneName;0.93;-0.35;0.05;-0.08;657;652;736;-0.7058;1.402421;-0.03080001;0;0;0;1.4;18.39999;345.2;Normal;0.01712751;5.683329
SceneName;0.93;-0.34;0.05;-0.07;656;654;736;-0.7058;1.402421;-0.03080001;0;0;0;0.68;19.2;345.6;Normal;0.005787849;5.689117
SceneName;0.94;-0.34;0.04;-0.07;653;653;736;-0.7058;1.402421;-0.03080001;0;0;0;0.44;18.39999;345.6;Normal;0.01460743;5.703724
SceneName;0.94;-0.33;0.04;-0.06;651;654;736;-0.7058;1.402421;-0.03080001;0;0;0;359.72;18.80001;345.6;Normal;0.009148121;5.712873
SceneName;0.94;-0.33;0.03;-0.06;648;654;735;-0.7058;1.402421;-0.03080001;0;0;0;359.24;18.39999;345.6;Normal;0.009028435;5.721901
SceneName;0.95;-0.32;0.02;-0.05;645;654;735;-0.7058;1.402421;-0.03080001;0;0;0;358.52;18.39999;346;Normal;0.009419441;5.73132
SceneName;0.95;-0.31;0.01;-0.05;642;655;734;-0.7058;1.402421;-0.03080001;0;0;0;357.8;18.39999;346;Normal;0.005426884;5.736747
SceneName;0.95;-0.31;-0.00;-0.04;639;655;733;-0.7058;1.402421;-0.03080001;0;0;0;357.08;18;346.4;Normal;0.01751471;5.754262
SceneName;0.95;-0.30;-0.01;-0.04;637;656;731;-0.7058;1.402421;-0.03080001;0;0;0;356.36;18;346.8;Normal;0.008266449;5.762528
SceneName;0.96;-0.29;-0.01;-0.03;634;657;732;-0.7058;1.402421;-0.03080001;0;0;0;355.88;17.60001;347.6;Normal;0.009004593;5.771533
SceneName;0.96;-0.28;-0.01;-0.03;632;658;730;-0.7058;1.402421;-0.03080001;0;0;0;355.16;17.2;347.2;Normal;0.008865356;5.780398
SceneName;0.96;-0.28;-0.01;-0.03;630;658;729;-0.7058;1.402421;-0.03080001;0;0;0;354.68;16.80001;348;Normal;0.009256363;5.789655
SceneName;0.96;-0.27;-0.01;-0.02;628;658;729;-0.7058;1.402421;-0.03080001;0;0;0;354.2;16.80001;348.4;Normal;0.00915432;5.798809
SceneName;0.96;-0.27;-0.00;-0.02;626;659;729;-0.7058;1.402421;-0.03080001;0;0;0;353.72;16.80001;348.4;Normal;0.01095343;5.809762
SceneName;0.96;-0.27;0.00;-0.02;624;660;728;-0.7058;1.402421;-0.03080001;0;0;0;353.24;16.39999;348.4;Normal;0.007008553;5.816771
SceneName;0.96;-0.26;0.01;-0.01;622;662;728;-0.7058;1.402421;-0.03080001;0;0;0;352.76;16;348.8;Normal;0.01775551;5.834527
SceneName;0.97;-0.26;0.01;-0.01;620;663;726;-0.7058;1.402421;-0.03080001;0;0;0;352.28;15.19999;348.8;Normal;0.008522511;5.843049
SceneName;0.97;-0.25;0.01;-0.00;617;664;725;-0.7058;1.402421;-0.03080001;0;0;0;351.8;14.8;349.6;Normal;0.009374142;5.852423
SceneName;0.97;-0.25;0.01;0.00;615;665;723;-0.7058;1.402421;-0.03080001;0;0;0;351.08;14.4;350;Normal;0.005452156;5.857875
SceneName;0.97;-0.24;0.01;0.01;613;665;720;-0.7058;1.402421;-0.03080001;0;0;0;350.6;14;350.8;Normal;0.008331776;5.866207
SceneName;0.97;-0.24;0.01;0.01;611;664;718;-0.7058;1.402421;-0.03080001;0;0;0;350.12;14;352;Normal;0.009582996;5.87579
SceneName;0.97;-0.23;0.01;0.01;610;664;715;-0.7058;1.402421;-0.03080001;0;0;0;349.64;14.4;352.8;Normal;0.01026869;5.886059
SceneName;0.97;-0.22;0.01;0.02;610;664;714;-0.7058;1.402421;-0.03080001;0;0;0;349.4;14.4;354;Normal;0.01009512;5.896154
SceneName;0.98;-0.22;0.02;0.02;609;664;713;-0.7058;1.402421;-0.03080001;0;0;0;349.4;14.4;354.4;Normal;0.0136075;5.909761
SceneName;0.98;-0.21;0.02;0.02;609;665;712;-0.7058;1.402421;-0.03080001;0;0;0;349.16;14.4;354.8;Normal;0.007203102;5.916965
SceneName;0.98;-0.21;0.02;0.02;608;665;711;-0.7058;1.402421;-0.03080001;0;0;0;349.16;14;355.2;Normal;0.01797247;5.934937
SceneName;0.98;-0.21;0.02;0.02;608;666;711;-0.7058;1.402421;-0.03080001;0;0;0;348.92;14;355.6;Normal;0.005652428;5.940589
SceneName;0.98;-0.20;0.02;0.02;607;667;709;-0.7058;1.402421;-0.03080001;0;0;0;348.92;13.60001;355.6;Normal;0.005181313;5.945771
SceneName;0.98;-0.20;0.02;0.03;608;668;708;-0.7058;1.402421;-0.03080001;0;0;0;348.68;13.20001;356.4;Normal;0.01038837;5.956159
SceneName;0.98;-0.19;0.02;0.03;607;670;707;-0.7058;1.402421;-0.03080001;0;0;0;348.92;12.8;356.8;Normal;0.01382399;5.969983
