SceneName;GyroQuaternion_W;GyroQuaternion_X;GyroQuaternion_Y;GyroQuaternion_Z;Flex Thumb;Flex Index;Flex Middle;HandPoz_X;HandPoz_Y;HandPoz_Z;HandRot_X;HandRot_Y;HandRot_Z;ThumbRot_Z;IndexRot_X;MiddleRot_X;Hand Condition;Time;Timestamp
SceneName;.>*......>......1.00;0.00;0.00;0.00;651;696;699;-0.7058;2.302422;0.01919999;0;0;0;350;59.99999;59.99999;Normal;0;0
SceneName;1.00;0.00;0.00;0.00;650;697;698;-0.7058;2.302422;0.01919999;0;0;0;0;0;0;Normal;0.02;0.02
SceneName;1.00;0.00;0.00;0.00;650;697;698;-0.7058;2.302422;0.01919999;0;0;0;0;0;0;Normal;0.3333333;0.3533334
SceneName;1.00;0.00;0.00;0.00;650;697;699;-0.7058;2.302422;0.01919999;0;0;0;0;0;0;Normal;0.119792;0.4731253
SceneName;1.00;0.00;0.00;0.00;650;697;698;-0.7058;2.302422;0.01919999;0;0;0;0;0;0;Normal;0.03605419;0.5091795
SceneName;1.00;0.00;0.00;0.00;650;697;698;-0.7058;2.302422;0.01919999;0;0;0;0;0;0;Normal;0.01567632;0.5248559
SceneName;1.00;0.00;0.00;0.00;650;696;698;-0.7058;2.302422;0.01919999;0;0;0;0;0;0;Normal;0.02249658;0.5473524
SceneName;1.00;0.00;0.00;0.00;650;697;698;-0.7058;2.302422;0.01919999;0;0;0;0;0;0;Normal;0.0173834;0.5647358
SceneName;1.00;0.00;0.00;0.00;650;697;698;-0.7058;2.302422;0.01919999;0;0;0;0;0;0;Normal;0.02079934;0.5855352
SceneName;1.00;0.00;0.00;0.00;650;697;698;-0.7058;2.302422;0.01919999;0;0;0;0;0;0;Normal;0.02067429;0.6062095
SceneName;1.00;0.00;0.00;0.00;650;696;698;-0.7058;2.302422;0.01919999;0;0;0;0;0;0;Normal;0.02125108;0.6274605
SceneName;1.00;0.00;0.00;0.00;650;697;698;-0.7058;2.302422;0.01919999;0;0;0;0;0;0;Normal;0.02098638;0.6484469
SceneName;1.00;0.00;0.00;0.00;650;697;698;-0.7058;2.302422;0.01919999;0;0;0;0;0;0;Normal;0.02072132;0.6691682
SceneName;1.00;0.00;0.00;0.00;650;697;698;-0.7058;2.302422;0.01919999;0;0;0;0;0;0;Normal;0.02371651;0.6928847
SceneName;1.00;0.00;0.00;0.00;649;697;699;-0.7058;2.302422;0.01919999;0;0;0;0;0;0;Normal;0.01856881;0.7114536
SceneName;1.00;0.00;0.00;0.00;650;697;698;-0.7058;2.302422;0.01919999;0;0;0;0;0;0;Normal;0.01444119;0.7258947
SceneName;1.00;0.00;0.00;0.00;650;697;699;-0.7058;2.302422;0.01919999;0;0;0;0;0;0;Normal;0.01409477;0.7399895
SceneName;1.00;0.00;0.00;0.00;650;697;698;-0.7058;2.302422;0.01919999;0;0;0;0;0;0;Normal;0.01312423;0.7531137
SceneName;1.00;0.00;0.00;0.00;650;697;698;-0.7058;2.302422;0.01919999;0;0;0;0;0;0;Normal;0.0130204;0.7661341
SceneName;1.00;0.00;0.00;0.00;650;697;699;-0.7058;2.302422;0.01919999;0;0;0;0;0;0;Normal;0.01405787;0.780192
SceneName;1.00;0.00;0.00;0.00;650;697;698;-0.7058;2.302422;0.01919999;0;0;0;0;0;0;Normal;0.01487601;0.795068
SceneName;1.00;0.00;0.00;0.00;650;697;698;-0.7058;2.302422;0.01919999;0;0;0;0;0;0;Normal;0.01323372;0.8083017
SceneName;1.00;0.00;0.00;0.00;650;698;698;-0.7058;2.302422;0.01919999;0;0;0;0;0;0;Normal;0.0135327;0.8218344
SceneName;1.00;0.00;0.00;0.00;650;698;699;-0.7058;2.302422;0.01919999;0;0;0;0;0;0;Normal;0.01323861;0.8350731
SceneName;1.00;0.00;0.00;0.00;650;698;699;-0.7058;2.302422;0.01919999;0;0;0;0;0;0;Normal;0.01327389;0.8483469
SceneName;1.00;0.00;0.00;0.00;650;698;699;-0.7058;2.302422;0.01919999;0;0;0;0;0;0;Normal;0.0130595;0.8614064
SceneName;1.00;0.00;0.00;0.00;650;698;699;-0.7058;2.302422;0.01919999;0;0;0;0;0;0;Normal;0.01309812;0.8745046
SceneName;1.00;0.00;0.00;0.00;650;698;698;-0.7058;2.302422;0.01919999;0;0;0;0;0;0;Normal;0.01263928;0.8871439
SceneName;1.00;0.00;0.00;0.00;650;698;699;-0.7058;2.302422;0.01919999;0;0;0;0;0;0;Normal;0.0136295;0.9007733
SceneName;1.00;0.00;0.00;0.00;650;698;699;-0.7058;2.302422;0.01919999;0;0;0;0;0;0;Normal;0.01363432;0.9144077
SceneName;1.00;0.00;0.00;0.00;650;698;699;-0.7058;2.302422;0.01919999;0;0;0;0;0;0;Normal;0.0132829;0.9276906
SceneName;1.00;0.00;0.00;0.00;650;698;699;-0.7058;2.302422;0.01919999;0;0;0;0;0;0;Normal;0.01349986;0.9411904
SceneName;1.00;0.00;0.00;0.00;650;698;699;-0.7058;2.302422;0.01919999;0;0;0;0;0;0;Normal;0.01336855;0.954559
SceneName;1.00;0.00;0.00;0.00;650;698;699;-0.7058;2.302422;0.01919999;0;0;0;0;0;0;Normal;0.01311427;0.9676732
SceneName;1.00;0.00;0.00;0.00;650;698;699;-0.7058;2.302422;0.01919999;0;0;0;0;0;0;Normal;0.01306182;0.9807351
SceneName;1.00;0.00;0.00;0.00;650;698;699;-0.7058;2.302422;0.01919999;0;0;0;0;0;0;Normal;0.01353586;0.9942709
SceneName;1.00;0.00;0.00;0.00;649;698;699;-0.7058;2.302422;0.01919999;0;0;0;0;0;0;Normal;0.01272297;1.006994
SceneName;1.00;0.00;0.00;0.00;650;698;699;-0.7058;2.302422;0.01919999;0;0;0;0;0;0;Normal;0.0133251;1.020319
SceneName;1.00;0.00;0.00;0.00;650;698;699;-0.7058;2.302422;0.01919999;0;0;0;0;0;0;Normal;0.01296997;1.033289
SceneName;1.00;0.00;0.00;0.00;650;699;699;-0.7058;2.302422;0.01919999;0;0;0;0;0;0;Normal;0.01352835;1.046817
SceneName;1.00;0.00;0.00;0.00;650;698;699;-0.7058;2.302422;0.01919999;0;0;0;0;0;0;Normal;0.01350963;1.060327
SceneName;1.00;0.00;0.00;0.00;650;698;699;-0.7058;2.302422;0.01919999;0;0;0;0;0;0;Normal;0.01333582;1.073663
SceneName;1.00;0.00;0.00;0.00;650;698;699;-0.7058;2.302422;0.01919999;0;0;0;0;0;0;Normal;0.01398814;1.087651
SceneName;1.00;0.00;0.00;0.00;650;698;698;-0.7058;2.302422;0.01919999;0;0;0;0;0;0;Normal;0.01316309;1.100814
SceneName;1.00;0.00;0.00;0.00;649;698;699;-0.7058;2.302422;0.01919999;0;0;0;0;0;0;Normal;0.01305056;1.113865
SceneName;1.00;0.00;0.00;0.00;650;698;699;-0.7058;2.302422;0.01919999;0;0;0;0;0;0;Normal;0.01309788;1.126962
SceneName;1.00;0.00;0.00;0.00;650;698;699;-0.7058;2.302422;0.01919999;0;0;0;0;0;0;Normal;0.01336896;1.140331
SceneName;1.00;0.00;0.00;0.00;650;698;699;-0.7058;2.302422;0.01919999;0;0;0;0;0;0;Normal;0.01294351;1.153275
SceneName;1.00;0.00;0.00;0.00;650;698;699;-0.7058;2.302422;0.01919999;0;0;0;0;0;0;Normal;0.01292014;1.166195
SceneName;1.00;0.00;0.00;0.00;650;698;699;-0.7058;2.302422;0.01919999;0;0;0;0;0;0;Normal;0.01307309;1.179268
SceneName;1.00;0.00;0.00;0.00;650;698;698;-0.7058;2.302422;0.01919999;0;0;0;0;0;0;Normal;0.01369441;1.192963
SceneName;1.00;0.00;0.00;0.00;650;698;698;-0.7058;2.302422;0.01919999;0;0;0;0;0;0;Normal;0.01399887;1.206961
SceneName;1.00;0.00;0.00;0.00;650;698;698;-0.7058;2.302422;0.01919999;0;0;0;0;0;0;Normal;0.01335764;1.220319
SceneName;1.00;0.00;0.00;0.00;650;698;699;-0.7058;2.302422;0.01919999;0;0;0;0;0;0;Normal;0.01373756;1.234057
SceneName;1.00;0.00;0.00;0.00;650;698;698;-0.7058;2.302422;0.01919999;0;0;0;0;0;0;Normal;0.01390231;1.247959
SceneName;1.00;0.00;0.00;0.00;650;698;699;-0.7058;2.302422;0.01919999;0;0;0;0;0;0;Normal;0.01341975;1.261379
SceneName;1.00;0.00;0.00;0.00;650;698;699;-0.7058;2.302422;0.01919999;0;0;0;0;0;0;Normal;0.01318669;1.274565
SceneName;1.00;0.00;0.01;0.00;650;698;699;-0.7058;2.302422;0.01919999;0;0;0;0;0;0;Normal;0.01360214;1.288167
SceneName;1.00;0.00;0.01;0.00;649;698;698;-0.7058;2.302422;0.01919999;0;0;0;0;0;0;Normal;0.01337326;1.301541
SceneName;1.00;0.00;0.01;0.00;650;698;699;-0.7058;2.302422;0.01919999;0;0;0;0;0;0;Normal;0.01336634;1.314907
SceneName;1.00;0.00;0.01;0.00;650;698;698;-0.7058;2.302422;0.01919999;0;0;0;0;0;0;Normal;0.01294005;1.327847
SceneName;1.00;0.00;0.01;0.00;649;698;698;-0.7058;2.302422;0.01919999;0;0;0;0;0;0;Normal;0.01322746;1.341075
SceneName;1.00;0.00;0.01;0.00;649;698;698;-0.7058;2.302422;0.01919999;0;0;0;0;0;0;Normal;0.01362979;1.354704
SceneName;1.00;0.00;0.01;0.00;650;698;699;-0.7058;2.302422;0.01919999;0;0;0;0;0;0;Normal;0.01307034;1.367775
SceneName;1.00;0.00;0.01;0.00;650;698;699;-0.7058;2.302422;0.01919999;0;0;0;0;0;0;Normal;0.01356769;1.381342
SceneName;1.00;0.00;0.01;0.00;650;698;698;-0.7058;2.302422;0.01919999;0;0;0;0;0;0;Normal;0.01403034;1.395373
SceneName;1.00;0.00;0.01;0.00;650;698;699;-0.7058;2.302422;0.01919999;0;0;0;0;0;0;Normal;0.01373219;1.409105
SceneName;1.00;-0.00;0.01;0.00;650;699;698;-0.7058;2.302422;0.01919999;0;0;0;0;0;0;Normal;0.0132494;1.422354
SceneName;1.00;-0.00;0.01;0.00;650;698;698;-0.7058;2.302422;0.01919999;0;0;0;0;0;0;Normal;0.01315188;1.435506
SceneName;1.00;-0.00;0.01;0.00;650;698;699;-0.7058;2.302422;0.01919999;0;0;0;0;0;0;Normal;0.01340318;1.448909
SceneName;1.00;-0.00;0.01;0.00;650;699;699;-0.7058;2.302422;0.01919999;0;0;0;0;0;0;Normal;0.01330948;1.462219
SceneName;1.00;-0.00;0.01;0.00;650;698;698;-0.7058;2.302422;0.01919999;0;0;0;0;0;0;Normal;0.0148983;1.477117
SceneName;1.00;-0.00;0.01;0.00;650;698;699;-0.7058;2.302422;0.01919999;0;0;0;0;0;0;Normal;0.01293182;1.490049
SceneName;1.00;-0.00;0.01;0.00;649;698;698;-0.7058;2.302422;0.01919999;0;0;0;0;0;0;Normal;0.01336181;1.503411
SceneName;1.00;-0.00;0.01;0.00;650;698;698;-0.7058;2.302422;0.01919999;0;0;0;0;0;0;Normal;0.01191473;1.515326
SceneName;1.00;-0.00;0.01;0.00;650;698;699;-0.7058;2.302422;0.01919999;0;0;0;0;0;0;Normal;0.01280725;1.528133
SceneName;1.00;-0.00;0.01;0.00;650;698;698;-0.7058;2.302422;0.01919999;0;0;0;0;0;0;Normal;0.01398993;1.542123
SceneName;1.00;-0.00;0.01;0.00;650;698;699;-0.7058;2.302422;0.01919999;0;0;0;0;0;0;Normal;0.01409698;1.55622
SceneName;1.00;-0.00;0.01;0.00;650;697;698;-0.7058;2.302422;0.01919999;0;0;0;0;0;0;Normal;0.0128268;1.569046
SceneName;1.00;0.00;0.01;0.00;649;698;698;-0.7058;2.302422;0.01919999;0;0;0;0;0;0;Normal;0.01315439;1.582201
SceneName;1.00;0.00;0.01;0.00;650;698;699;-0.7058;2.302422;0.01919999;0;0;0;0;0;0;Normal;0.01310289;1.595304
SceneName;1.00;-0.00;0.01;0.00;650;697;699;-0.7058;2.302422;0.01919999;0;0;0;0;0;0;Normal;0.0129689;1.608273
SceneName;1.00;-0.00;0.01;0.00;650;698;699;-0.7058;2.302422;0.01919999;0;0;0;0;0;0;Normal;0.01357174;1.621844
SceneName;1.00;-0.00;0.01;0.00;649;698;699;-0.7058;2.302422;0.01919999;0;0;0;0;0;0;Normal;0.01318145;1.635026
SceneName;1.00;-0.00;0.01;0.00;649;698;698;-0.7058;2.302422;0.01919999;0;0;0;0;0;0;Normal;0.01286685;1.647893
SceneName;1.00;-0.00;0.01;0.00;649;698;699;-0.7058;2.302422;0.01919999;0;0;0;0;0;0;Normal;0.01325214;1.661145
SceneName;1.00;-0.00;0.01;0.00;650;697;698;-0.7058;2.302422;0.01919999;0;0;0;0;0;0;Normal;0.01337659;1.674521
SceneName;1.00;-0.00;0.01;0.00;650;698;699;-0.7058;2.302422;0.01919999;0;0;0;0;0;0;Normal;0.01285565;1.687377
SceneName;1.00;-0.00;0.01;0.00;650;698;698;-0.7058;2.302422;0.01919999;0;0;0;0;0;0;Normal;0.0132854;1.700662
SceneName;1.00;-0.00;0.01;0.00;650;698;699;-0.7058;2.302422;0.01919999;0;0;0;0;0;0;Normal;0.01335883;1.714021
SceneName;1.00;-0.00;0.01;0.00;649;697;699;-0.7058;2.302422;0.01919999;0;0;0;0;0;0;Normal;0.01243329;1.726455
SceneName;1.00;-0.00;0.01;0.00;650;697;698;-0.7058;2.302422;0.01919999;0;0;0;0;0;0;Normal;0.01370656;1.740161
SceneName;1.00;-0.00;0.01;0.00;650;697;698;-0.7058;2.302422;0.01919999;0;0;0;0;0;0;Normal;0.01363456;1.753796
SceneName;1.00;-0.00;0.01;0.00;650;698;699;-0.7058;2.302422;0.01919999;0;0;0;0;0;0;Normal;0.01309705;1.766893
SceneName;1.00;-0.00;0.01;0.00;649;698;698;-0.7058;2.302422;0.01919999;0;0;0;0;0;0;Normal;0.012941;1.779834
SceneName;1.00;-0.00;0.01;0.00;650;698;698;-0.7058;2.302422;0.01919999;0;0;0;0;0;0;Normal;0.01264024;1.792474
SceneName;1.00;-0.00;0.01;0.00;650;698;698;-0.7058;2.302422;0.01919999;0;0;0;0;0;0;Normal;0.01309657;1.805571
SceneName;1.00;-0.00;0.01;0.00;649;698;698;-0.7058;2.302422;0.01919999;0;0;0;0;0;0;Normal;0.0132122;1.818783
SceneName;1.00;-0.00;0.01;0.00;650;697;698;-0.7058;2.302422;0.01919999;0;0;0;0;0;0;Normal;0.01324642;1.832029
SceneName;1.00;-0.00;0.01;0.00;650;698;698;-0.7058;2.302422;0.01919999;0;0;0;0;0;0;Normal;0.013322;1.845351
SceneName;1.00;-0.00;0.01;0.00;650;698;699;-0.7058;2.302422;0.01919999;0;0;0;0;0;0;Normal;0.01302028;1.858371
SceneName;1.00;-0.00;0.01;0.00;649;697;698;-0.7058;2.302422;0.01919999;0;0;0;0;0;0;Normal;0.0128808;1.871252
SceneName;1.00;-0.00;0.01;0.00;649;698;698;-0.7058;2.302422;0.01919999;0;0;0;0;0;0;Normal;0.01309144;1.884344
SceneName;1.00;-0.00;0.01;0.00;650;698;699;-0.7058;2.302422;0.01919999;0;0;0;0;0;0;Normal;0.01356709;1.897911
SceneName;1.00;-0.00;0.01;0.00;649;698;698;-0.7058;2.302422;0.01919999;0;0;0;0;0;0;Normal;0.01307189;1.910983
SceneName;1.00;-0.00;0.01;-0.00;649;698;698;-0.7058;2.302422;0.01919999;0;0;0;0;0;0;Normal;0.01412392;1.925107
SceneName;1.00;-0.00;0.01;-0.00;649;698;698;-0.7058;2.302422;0.01919999;0;0;0;0;0;0;Normal;0.0133518;1.938458
SceneName;1.00;-0.00;0.01;-0.00;649;698;697;-0.7058;2.302422;0.01919999;0;0;0;0;0;0;Normal;0.01359177;1.95205
SceneName;1.00;-0.00;0.01;-0.00;649;697;698;-0.7058;2.302422;0.01919999;0;0;0;0;0;0;Normal;0.01299858;1.965049
SceneName;1.00;-0.00;0.02;-0.00;649;698;699;-0.7058;2.302422;0.01919999;0;0;0;0;0;0;Normal;0.01335621;1.978405
SceneName;1.00;-0.00;0.02;-0.00;649;698;700;-0.7058;2.302422;0.01919999;0;0;0;0;0;0;Normal;0.01293099;1.991336
SceneName;1.00;-0.00;0.02;-0.00;649;699;702;-0.7058;2.302422;0.01919999;0;0;0;0;0;0;Normal;0.0131253;2.004461
SceneName;1.00;-0.00;0.02;-0.01;649;698;705;-0.7058;2.302422;0.01919999;0;0;0;0;0;0;Normal;0.01322222;2.017684
SceneName;1.00;-0.00;0.02;-0.01;649;699;705;-0.7058;2.302422;0.01919999;0;0;0;0;0;0;Normal;0.01254559;2.030229
SceneName;1.00;-0.00;0.02;-0.01;648;698;703;-0.7058;2.302422;0.01919999;0;0;0;0;0;0;Normal;0.01341987;2.043649
SceneName;1.00;-0.00;0.02;-0.01;649;698;703;-0.7058;2.302422;0.01919999;0;0;0;0;0;0;Normal;0.01306725;2.056716
SceneName;1.00;-0.00;0.02;-0.01;649;699;706;-0.7058;2.302422;0.01919999;0;0;0;0;0;0;Normal;0.01295996;2.069676
SceneName;1.00;-0.00;0.02;-0.01;648;698;707;-0.7058;2.302422;0.01919999;0;0;0;0;0;0;Normal;0.01303935;2.082716
SceneName;1.00;-0.00;0.02;-0.01;648;698;707;-0.7058;2.302422;0.01919999;0;0;0;0;0;0;Normal;0.01357317;2.096289
SceneName;1.00;-0.00;0.03;-0.01;648;699;707;-0.7058;2.302422;0.01919999;0;0;0;0;0;0;Normal;0.01253414;2.108823
SceneName;1.00;-0.00;0.03;-0.01;648;699;707;-0.7058;2.302422;0.01919999;0;0;0;0;0;0;Normal;0.01293755;2.12176
SceneName;1.00;-0.00;0.03;-0.02;647;698;707;-0.7058;2.302422;0.01919999;0;0;0;0;0;0;Normal;0.01284361;2.134604
SceneName;1.00;-0.00;0.03;-0.02;648;698;707;-0.7058;2.302422;0.01919999;0;0;0;0;0;0;Normal;0.01314425;2.147748
SceneName;1.00;-0.01;0.03;-0.02;648;699;707;-0.7058;2.302422;0.01919999;0;0;0;0;0;0;Normal;0.01316738;2.160916
SceneName;1.00;-0.01;0.04;-0.02;647;699;708;-0.7058;2.302422;0.01919999;0;0;0;0;0;0;Normal;0.01302671;2.173942
SceneName;1.00;-0.01;0.04;-0.03;647;699;708;-0.7058;2.302422;0.01919999;0;0;0;0;0;0;Normal;0.01288104;2.186823
SceneName;1.00;-0.01;0.04;-0.03;647;700;708;-0.7058;2.302422;0.01919999;0;0;0;0;0;0;Normal;0.01326299;2.200086
SceneName;1.00;-0.01;0.05;-0.04;647;700;708;-0.7058;2.302422;0.01919999;0;0;0;0;0;0;Normal;0.01287246;2.212959
SceneName;1.00;-0.01;0.06;-0.04;646;700;708;-0.7058;2.302422;0.01919999;0;0;0;0;0;0;Normal;0.01292157;2.22588
SceneName;1.00;-0.01;0.08;-0.05;645;701;707;-0.7058;2.302422;0.01919999;0;0;0;0;0;0;Normal;0.01329565;2.239176
SceneName;0.99;-0.01;0.10;-0.05;645;701;708;-0.7058;2.302422;0.01919999;0;0;0;0;0;0;Normal;0.01400971;2.253186
SceneName;0.99;-0.00;0.12;-0.06;644;700;709;-0.7058;2.302422;0.01919999;0;0;0;0;0;0;Normal;0.01418829;2.267374
SceneName;0.99;-0.01;0.15;-0.06;644;701;709;-0.7058;2.302422;0.01919999;0;0;0;0;0;0;Normal;0.01365423;2.281028
SceneName;0.98;-0.01;0.17;-0.07;644;700;709;-0.7058;2.302422;0.01919999;0;0;0;0;0;0;Normal;0.01361442;2.294643
SceneName;0.98;-0.01;0.19;-0.07;644;700;709;-0.7058;2.302422;0.01919999;0;0;0;0;0;0;Normal;0.01270294;2.307346
SceneName;0.97;-0.01;0.21;-0.08;644;702;709;-0.7058;2.302422;0.01919999;0;0;0;0;0;0;Normal;0.01340675;2.320752
SceneName;0.97;-0.01;0.23;-0.09;643;701;709;-0.7058;2.302422;0.01919999;0;0;0;0;0;0;Normal;0.013376;2.334128
SceneName;0.96;-0.01;0.26;-0.09;643;701;710;-0.7058;2.302422;0.01919999;0;0;0;0;0;0;Normal;0.01292968;2.347058
SceneName;0.96;-0.02;0.28;-0.10;642;701;711;-0.7058;2.302422;0.01919999;0;0;0;0;0;0;Normal;0.01348305;2.360541
SceneName;0.95;-0.02;0.30;-0.11;641;700;712;-0.7058;2.302422;0.01919999;0;0;0;0;0;0;Normal;0.01331472;2.373856
SceneName;0.94;-0.02;0.31;-0.12;641;699;711;-0.7058;2.302422;0.01919999;0;0;0;0;0;0;Normal;0.01245379;2.38631
SceneName;0.94;-0.02;0.32;-0.13;640;700;712;-0.7058;2.302422;0.01919999;0;0;0;0;0;0;Normal;0.01331782;2.399627
SceneName;0.94;-0.02;0.33;-0.13;640;701;711;-0.7058;2.302422;0.01919999;0;0;0;0;0;0;Normal;0.01304579;2.412673
SceneName;0.93;-0.02;0.33;-0.14;640;701;711;-0.7058;2.302422;0.01919999;0;0;0;0;0;0;Normal;0.01292443;2.425598
SceneName;0.93;-0.03;0.34;-0.14;639;701;711;-0.7058;2.302422;0.01919999;0;0;0;0;0;0;Normal;0.0131495;2.438747
SceneName;0.93;-0.03;0.35;-0.15;639;701;710;-0.7058;2.302422;0.01919999;0;0;0;0;0;0;Normal;0.01269555;2.451443
SceneName;0.92;-0.03;0.36;-0.15;639;699;710;-0.7058;2.302422;0.01919999;0;0;0;0;0;0;Normal;0.01343298;2.464876
SceneName;0.91;-0.03;0.38;-0.16;638;697;710;-0.7058;2.302422;0.01919999;0;0;0;0;0;0;Normal;0.0128603;2.477736
SceneName;0.90;-0.03;0.39;-0.16;637;697;711;-0.7058;2.302422;0.01919999;0;0;0;0;0;0;Normal;0.01276016;2.490496
SceneName;0.89;-0.03;0.41;-0.17;636;697;710;-0.7058;2.302422;0.01919999;0;0;0;0;0;0;Normal;0.01307392;2.50357
SceneName;0.88;-0.03;0.43;-0.17;636;695;711;-0.7058;2.302422;0.01919999;0;0;0;0;0;0;Normal;0.01472783;2.518298
SceneName;0.88;-0.03;0.45;-0.18;635;694;712;-0.7058;2.302422;0.01919999;0;0;0;0;0;0;Normal;0.01265144;2.530949
SceneName;0.87;-0.03;0.46;-0.18;636;694;711;-0.7058;2.302422;0.01919999;0;0;0;0;0;0;Normal;0.01269484;2.543644
SceneName;0.86;-0.04;0.47;-0.18;636;693;711;-0.7058;2.302422;0.01919999;0;0;0;0;0;0;Normal;0.01312995;2.556774
SceneName;0.85;-0.04;0.48;-0.19;636;693;710;-0.7058;2.302422;0.01919999;0;0;0;0;0;0;Normal;0.0130434;2.569818
SceneName;0.85;-0.04;0.49;-0.19;637;692;710;-0.7058;2.302422;0.01919999;0;0;0;0;0;0;Normal;0.01306438;2.582882
SceneName;0.84;-0.04;0.50;-0.19;638;691;709;-0.7058;2.302422;0.01919999;0;0;0;0;0;0;Normal;0.01307702;2.595959
SceneName;0.84;-0.05;0.51;-0.19;637;690;708;-0.7058;2.302422;0.01919999;0;0;0;0;0;0;Normal;0.01267052;2.608629
SceneName;0.83;-0.05;0.52;-0.20;637;689;708;-0.7058;2.302422;0.01919999;0;0;0;0;0;0;Normal;0.01313519;2.621765
SceneName;0.83;-0.05;0.53;-0.20;638;688;708;-0.7058;2.302422;0.01919999;0;0;0;0;0;0;Normal;0.01278448;2.634549
SceneName;0.82;-0.06;0.53;-0.20;638;687;708;-0.7058;2.302422;0.01919999;0;0;0;0;0;0;Normal;0.01308537;2.647635
SceneName;0.82;-0.06;0.54;-0.20;639;686;707;-0.7058;2.302422;0.01919999;0;0;0;0;0;0;Normal;0.0135088;2.661143
SceneName;0.81;-0.06;0.55;-0.20;640;684;707;-0.7058;2.302422;0.01919999;0;0;0;0;0;0;Normal;0.01356435;2.674708
SceneName;0.81;-0.07;0.55;-0.20;641;682;707;-0.7058;2.302422;0.01919999;0;0;0;0;0;0;Normal;0.01287127;2.687579
SceneName;0.80;-0.07;0.56;-0.20;642;681;707;-0.7058;2.302422;0.01919999;0;0;0;0;0;0;Normal;0.01321411;2.700793
SceneName;0.80;-0.07;0.56;-0.20;643;680;706;-0.7058;2.302422;0.01919999;0;0;0;0;0;0;Normal;0.01311994;2.713913
SceneName;0.79;-0.07;0.57;-0.20;644;679;706;-0.7058;2.302422;0.01919999;0;0;0;0;0;0;Normal;0.01242018;2.726333
SceneName;0.79;-0.07;0.57;-0.20;644;677;706;-0.7058;2.302422;0.01919999;0;0;0;0;0;0;Normal;0.01375365;2.740087
SceneName;0.79;-0.08;0.58;-0.20;644;677;705;-0.7058;2.302422;0.01919999;0;0;0;0;0;0;Normal;0.0130918;2.753179
SceneName;0.78;-0.08;0.58;-0.20;645;676;706;-0.7058;2.302422;0.01919999;0;0;0;0;0;0;Normal;0.01326275;2.766441
SceneName;0.78;-0.08;0.58;-0.20;645;676;705;-0.7058;2.302422;0.01919999;0;0;0;0;0;0;Normal;0.01315403;2.779595
SceneName;0.78;-0.08;0.59;-0.20;645;677;705;-0.7058;2.302422;0.01919999;0;0;0;0;0;0;Normal;0.01253724;2.792133
SceneName;0.78;-0.08;0.58;-0.20;645;676;705;-0.7058;2.302422;0.01919999;0;0;0;0;0;0;Normal;0.01300287;2.805135
SceneName;0.78;-0.08;0.58;-0.20;645;676;705;-0.7058;2.302422;0.01919999;0;0;0;0;0;0;Normal;0.0134902;2.818626
SceneName;0.78;-0.08;0.58;-0.20;646;675;705;-0.7058;2.302422;0.01919999;0;0;0;0;0;0;Normal;0.0140841;2.83271
SceneName;0.79;-0.09;0.58;-0.20;646;675;705;-0.7058;2.302422;0.01919999;0;0;0;0;0;0;Normal;0.01756763;2.850277
SceneName;0.79;-0.09;0.57;-0.20;647;675;704;-0.7058;2.302422;0.01919999;0;0;0;0;0;0;Normal;0.01444387;2.864721
SceneName;0.79;-0.09;0.57;-0.20;648;675;704;-0.7058;2.302422;0.01919999;0;0;0;0;0;0;Normal;0.0162189;2.88094
SceneName;0.79;-0.09;0.57;-0.20;648;675;704;-0.7058;2.302422;0.01919999;0;0;0;0;0;0;Normal;0.01341486;2.894355
SceneName;0.80;-0.09;0.56;-0.20;648;674;703;-0.7058;2.302422;0.01919999;0;0;0;0;0;0;Normal;0.0132401;2.907595
SceneName;0.80;-0.09;0.56;-0.20;647;675;703;-0.7058;2.302422;0.01919999;0;0;0;0;0;0;Normal;0.01344442;2.92104
SceneName;0.80;-0.09;0.56;-0.20;647;674;703;-0.7058;2.302422;0.01919999;0;0;0;0;0;0;Normal;0.01419759;2.935237
SceneName;0.80;-0.09;0.55;-0.20;646;675;703;-0.7058;2.302422;0.01919999;0;0;0;0;0;0;Normal;0.01275349;2.947991
SceneName;0.80;-0.09;0.55;-0.21;646;676;703;-0.7058;2.302422;0.01919999;0;0;0;0;0;0;Normal;0.0134325;2.961423
SceneName;0.80;-0.09;0.55;-0.21;646;676;703;-0.7058;2.302422;0.01919999;0;0;0;0;0;0;Normal;0.01330781;2.974731
SceneName;0.81;-0.09;0.55;-0.21;646;677;703;-0.7058;2.302422;0.01919999;0;0;0;0;0;0;Normal;0.0128386;2.98757
SceneName;0.81;-0.09;0.54;-0.21;645;676;703;-0.7058;2.302422;0.01919999;0;0;0;0;0;0;Normal;0.01326919;3.000839
SceneName;0.81;-0.09;0.54;-0.20;645;675;703;-0.7058;2.302422;0.01919999;0;0;0;0;0;0;Normal;0.01310849;3.013947
SceneName;0.81;-0.09;0.54;-0.20;645;676;704;-0.7058;2.302422;0.01919999;0;0;0;0;0;0;Normal;0.01264977;3.026597
SceneName;0.82;-0.09;0.53;-0.21;645;675;703;-0.7058;2.302422;0.01919999;0;0;0;0;0;0;Normal;0.01335144;3.039948
SceneName;0.82;-0.09;0.53;-0.21;644;676;703;-0.7058;2.302422;0.01919999;0;0;0;0;0;0;Normal;0.01306129;3.05301
SceneName;0.81;-0.09;0.53;-0.21;644;675;703;-0.7058;2.302422;0.01919999;0;0;0;0;0;0;Normal;0.01346517;3.066475
SceneName;0.81;-0.09;0.53;-0.21;644;676;703;-0.7058;2.302422;0.01919999;0;0;0;0;0;0;Normal;0.013381;3.079856
SceneName;0.81;-0.09;0.53;-0.21;645;678;704;-0.7058;2.302422;0.01919999;0;0;0;0;0;0;Normal;0.0124476;3.092304
SceneName;0.81;-0.09;0.53;-0.21;646;681;703;-0.7058;2.302422;0.01919999;0;0;0;0;0;0;Normal;0.01319957;3.105503
SceneName;0.82;-0.09;0.53;-0.21;648;686;704;-0.7058;2.302422;0.01919999;0;0;0;0;0;0;Normal;0.01297235;3.118475
SceneName;0.82;-0.10;0.52;-0.21;649;689;705;-0.7058;2.302422;0.01919999;0;0;0;0;0;0;Normal;0.01303411;3.13151
SceneName;0.83;-0.10;0.51;-0.21;651;692;706;-0.7058;2.302422;0.01919999;0;0;0;0;0;0;Normal;0.01364326;3.145153
SceneName;0.83;-0.10;0.50;-0.21;650;695;706;-0.7058;2.302422;0.01919999;0;0;0;0;0;0;Normal;0.01341844;3.158571
SceneName;0.84;-0.10;0.49;-0.21;650;698;706;-0.7058;2.302422;0.01919999;0;0;0;0;0;0;Normal;0.01283979;3.171411
SceneName;0.84;-0.10;0.49;-0.21;650;700;706;-0.7058;2.302422;0.01919999;0;0;0;0;0;0;Normal;0.01312613;3.184537
SceneName;0.85;-0.10;0.48;-0.21;649;704;706;-0.7058;2.302422;0.01919999;0;0;0;0;0;0;Normal;0.01322937;3.197767
SceneName;0.85;-0.10;0.48;-0.21;650;707;706;-0.7058;2.302422;0.01919999;0;0;0;0;0;0;Normal;0.01273489;3.210501
SceneName;0.85;-0.10;0.47;-0.21;651;716;708;-0.7058;2.302422;0.01919999;0;0;0;0;0;0;Normal;0.01345372;3.223955
SceneName;0.85;-0.10;0.47;-0.21;653;725;708;-0.7058;2.302422;0.01919999;0;0;0;0;0;0;Normal;0.01353765;3.237493
SceneName;0.85;-0.10;0.47;-0.22;655;732;710;-0.7058;2.302422;0.01919999;0;0;0;0;0;0;Normal;0.01313901;3.250632
SceneName;0.85;-0.10;0.47;-0.22;656;739;711;-0.7058;2.302422;0.01919999;0;0;0;0;0;0;Normal;0.01281142;3.263443
SceneName;0.85;-0.10;0.46;-0.22;656;742;712;-0.7058;2.302422;0.01919999;0;0;0;0;0;0;Normal;0.01380515;3.277248
SceneName;0.86;-0.10;0.45;-0.22;656;745;713;-0.7058;2.302422;0.01919999;0;0;0;0;0;0;Normal;0.01263189;3.28988
SceneName;0.86;-0.10;0.45;-0.22;657;745;712;-0.7058;2.302422;0.01919999;0;0;0;0;0;0;Normal;0.01369476;3.303575
SceneName;0.86;-0.10;0.45;-0.22;656;746;711;-0.7058;2.302422;0.01919999;0;0;0;0;0;0;Normal;0.01365495;3.31723
SceneName;0.86;-0.10;0.45;-0.23;658;745;710;-0.7058;2.302422;0.01919999;0;0;0;0;0;0;Normal;0.01298928;3.330219
SceneName;0.86;-0.10;0.45;-0.23;658;745;711;-0.7058;2.302422;0.01919999;0;0;0;0;0;0;Normal;0.01309299;3.343312
SceneName;0.86;-0.10;0.46;-0.23;657;744;710;-0.7058;2.302422;0.01919999;0;0;0;0;0;0;Normal;0.01345778;3.35677
SceneName;0.85;-0.09;0.46;-0.23;657;743;709;-0.7058;2.302422;0.01919999;0;0;0;0;0;0;Normal;0.01267481;3.369445
SceneName;0.85;-0.09;0.47;-0.23;657;741;711;-0.7058;2.302422;0.01919999;0;0;0;0;0;0;Normal;0.01347065;3.382915
SceneName;0.84;-0.09;0.48;-0.23;657;739;711;-0.7058;2.302422;0.01919999;0;0;0;0;0;0;Normal;0.0132494;3.396165
SceneName;0.84;-0.08;0.48;-0.23;656;737;712;-0.7058;2.302422;0.01919999;0;0;0;0;0;0;Normal;0.01281691;3.408982
SceneName;0.84;-0.08;0.49;-0.23;655;734;712;-0.7058;2.302422;0.01919999;0;0;0;0;0;0;Normal;0.0130446;3.422026
SceneName;0.83;-0.08;0.50;-0.23;654;732;713;-0.7058;2.302422;0.01919999;0;0;0;0;0;0;Normal;0.01285243;3.434879
SceneName;0.83;-0.07;0.51;-0.23;652;729;715;-0.7058;2.302422;0.01919999;0;0;0;0;0;0;Normal;0.01336622;3.448245
SceneName;0.82;-0.07;0.52;-0.23;650;727;716;-0.7058;2.302422;0.01919999;0;0;0;0;0;0;Normal;0.01397204;3.462217
SceneName;0.81;-0.06;0.53;-0.23;648;723;717;-0.7058;2.302422;0.01919999;0;0;0;0;0;0;Normal;0.01300144;3.475219
SceneName;0.80;-0.06;0.55;-0.23;648;719;717;-0.7058;2.302422;0.01919999;0;0;0;0;0;0;Normal;0.01322317;3.488442
SceneName;0.80;-0.05;0.56;-0.23;645;713;718;-0.7058;2.302422;0.01919999;0;0;0;0;0;0;Normal;0.0129776;3.501419
SceneName;0.78;-0.04;0.58;-0.23;642;706;719;-0.7058;2.302422;0.01919999;0;0;0;0;0;0;Normal;0.01317334;3.514593
SceneName;0.77;-0.03;0.59;-0.22;639;698;719;-0.7058;2.302422;0.01919999;0;0;0;0;0;0;Normal;0.01315618;3.527749
SceneName;0.76;-0.02;0.61;-0.22;636;690;719;-0.7058;2.302422;0.01919999;0;0;0;0;0;0;Normal;0.01319551;3.540944
SceneName;0.74;-0.01;0.63;-0.22;635;682;720;-0.7058;2.302422;0.01919999;0;0;0;0;0;0;Normal;0.01361132;3.554556
SceneName;0.73;0.00;0.65;-0.22;633;674;720;-0.7058;2.302422;0.01919999;0;0;0;0;0;0;Normal;0.01336598;3.567922
SceneName;0.71;0.01;0.67;-0.22;631;669;719;-0.7058;2.302422;0.01919999;0;0;0;0;0;0;Normal;0.01336169;3.581283
SceneName;0.69;0.02;0.68;-0.22;629;663;718;-0.7058;2.302422;0.01919999;0;0;0;0;0;0;Normal;0.01288152;3.594165
SceneName;0.68;0.03;0.70;-0.22;626;657;718;-0.7058;2.302422;0.01919999;0;0;0;0;0;0;Normal;0.01265383;3.606819
SceneName;0.66;0.04;0.72;-0.22;625;653;718;-0.7058;2.302422;0.01919999;0;0;0;0;0;0;Normal;0.01318622;3.620005
SceneName;0.65;0.05;0.73;-0.22;624;650;718;-0.7058;2.302422;0.01919999;0;0;0;0;0;0;Normal;0.01288605;3.632891
SceneName;0.63;0.05;0.74;-0.22;622;646;718;-0.7058;2.302422;0.01919999;0;0;0;0;0;0;Normal;0.01301503;3.645906
SceneName;0.61;0.06;0.76;-0.22;621;644;718;-0.7058;2.302422;0.01919999;0;0;0;0;0;0;Normal;0.0131042;3.65901
SceneName;0.59;0.06;0.77;-0.22;620;642;717;-0.7058;2.302422;0.01919999;0;0;0;0;0;0;Normal;0.01291966;3.67193
SceneName;0.57;0.07;0.79;-0.22;620;639;717;-0.7058;2.302422;0.01919999;0;0;0;0;0;0;Normal;0.01320887;3.685139
SceneName;0.55;0.07;0.80;-0.22;619;637;717;-0.7058;2.302422;0.01919999;0;0;0;0;0;0;Normal;0.01328039;3.698419
SceneName;0.54;0.08;0.81;-0.22;618;634;717;-0.7058;2.302422;0.01919999;0;0;0;0;0;0;Normal;0.01312947;3.711549
SceneName;0.52;0.08;0.82;-0.22;617;633;717;-0.7058;2.302422;0.01919999;0;0;0;0;0;0;Normal;0.01368237;3.725231
SceneName;0.51;0.08;0.83;-0.22;616;630;715;-0.7058;2.302422;0.01919999;0;0;0;0;0;0;Normal;0.01375818;3.738989
SceneName;0.49;0.08;0.84;-0.22;616;627;716;-0.7058;2.302422;0.01919999;0;0;0;0;0;0;Normal;0.01251531;3.751504
SceneName;0.48;0.08;0.84;-0.22;616;625;715;-0.7058;2.302422;0.01919999;0;0;0;0;0;0;Normal;0.0131042;3.764609
SceneName;0.48;0.08;0.85;-0.22;615;622;715;-0.7058;2.302422;0.01919999;0;0;0;0;0;0;Normal;0.01311684;3.777725
SceneName;0.47;0.07;0.85;-0.22;614;620;714;-0.7058;2.302422;0.01919999;0;0;0;0;0;0;Normal;0.01285839;3.790584
SceneName;0.47;0.07;0.85;-0.22;613;619;713;-0.7058;2.302422;0.01919999;0;0;0;0;0;0;Normal;0.01336122;3.803945
SceneName;0.46;0.06;0.86;-0.22;613;616;712;-0.7058;2.302422;0.01919999;0;0;0;0;0;0;Normal;0.01265621;3.816601
SceneName;0.46;0.06;0.86;-0.22;613;616;711;-0.7058;2.302422;0.01919999;0;0;0;0;0;0;Normal;0.01315522;3.829756
SceneName;0.45;0.05;0.86;-0.21;612;612;710;-0.7058;2.302422;0.01919999;0;0;0;0;0;0;Normal;0.01292086;3.842677
SceneName;0.45;0.04;0.87;-0.21;613;610;708;-0.7058;2.302422;0.01919999;0;0;0;0;0;0;Normal;0.01300669;3.855684
SceneName;0.45;0.04;0.87;-0.21;613;606;707;-0.7058;2.302422;0.01919999;0;0;0;0;0;0;Normal;0.01343679;3.869121
SceneName;0.44;0.04;0.87;-0.21;613;603;705;-0.7058;2.302422;0.01919999;0;0;0;0;0;0;Normal;0.01337361;3.882494
SceneName;0.44;0.03;0.87;-0.21;612;600;705;-0.7058;2.302422;0.01919999;0;0;0;0;0;0;Normal;0.01310849;3.895603
SceneName;0.44;0.03;0.87;-0.21;613;597;703;-0.7058;2.302422;0.01919999;0;0;0;0;0;0;Normal;0.01242113;3.908024
SceneName;0.44;0.03;0.87;-0.21;613;595;702;-0.7058;2.302422;0.01919999;0;0;0;0;0;0;Normal;0.01311064;3.921135
SceneName;0.44;0.02;0.87;-0.21;613;593;702;-0.7058;2.302422;0.01919999;0;0;0;0;0;0;Normal;0.01309419;3.934229
SceneName;0.44;0.02;0.87;-0.21;613;592;700;-0.7058;2.302422;0.01919999;0;0;0;0;0;0;Normal;0.01346445;3.947693
SceneName;0.44;0.02;0.87;-0.21;614;591;700;-0.7058;2.302422;0.01919999;0;0;0;0;0;0;Normal;0.01307559;3.960769
SceneName;0.44;0.02;0.87;-0.21;614;590;699;-0.7058;2.302422;0.01919999;0;0;0;0;0;0;Normal;0.01303864;3.973808
SceneName;0.44;0.01;0.87;-0.22;615;589;698;-0.7058;2.302422;0.01919999;0;0;0;0;0;0;Normal;0.01328945;3.987097
SceneName;0.44;0.01;0.87;-0.22;615;589;697;-0.7058;2.302422;0.01919999;0;0;0;0;0;0;Normal;0.01311612;4.000213
SceneName;0.45;0.01;0.87;-0.22;617;590;697;-0.7058;2.302422;0.01919999;0;0;0;0;0;0;Normal;0.01291752;4.013131
SceneName;0.45;0.01;0.86;-0.22;617;591;697;-0.7058;2.302422;0.01919999;0;0;0;0;0;0;Normal;0.01265669;4.025787
SceneName;0.46;0.00;0.86;-0.22;618;591;696;-0.7058;2.302422;0.01919999;0;0;0;0;0;0;Normal;0.01317883;4.038966
SceneName;0.46;0.00;0.86;-0.22;619;594;695;-0.7058;2.302422;0.01919999;0;0;0;0;0;0;Normal;0.01318312;4.052149
SceneName;0.47;0.00;0.85;-0.22;620;599;695;-0.7058;2.302422;0.01919999;0;0;0;0;0;0;Normal;0.01381683;4.065966
SceneName;0.47;-0.00;0.85;-0.22;622;606;694;-0.7058;2.302422;0.01919999;0;0;0;0;0;0;Normal;0.01331854;4.079285
SceneName;0.48;-0.00;0.85;-0.22;622;615;695;-0.7058;2.302422;0.01919999;0;0;0;0;0;0;Normal;0.0122838;4.091568
SceneName;0.48;-0.00;0.85;-0.23;625;624;694;-0.7058;2.302422;0.01919999;0;0;0;0;0;0;Normal;0.01318264;4.104751
SceneName;0.48;-0.00;0.85;-0.23;626;634;694;-0.7058;2.302422;0.01919999;0;0;0;0;0;0;Normal;0.01262951;4.117381
SceneName;0.48;-0.01;0.85;-0.23;627;646;695;-0.7058;2.302422;0.01919999;0;0;0;0;0;0;Normal;0.01310825;4.130489
SceneName;0.49;-0.01;0.84;-0.23;630;661;696;-0.7058;2.302422;0.01919999;0;0;0;0;0;0;Normal;0.01370573;4.144195
SceneName;0.49;-0.01;0.84;-0.23;634;677;697;-0.7058;2.302422;0.01919999;0;0;0;0;0;0;Normal;0.01287889;4.157073
SceneName;0.50;-0.02;0.84;-0.23;637;693;700;-0.7058;2.302422;0.01919999;0;0;0;0;0;0;Normal;0.01271772;4.169791
SceneName;0.50;-0.02;0.83;-0.23;641;704;700;-0.7058;2.302422;0.01919999;0;0;0;0;0;0;Normal;0.0130434;4.182835
SceneName;0.51;-0.02;0.83;-0.23;643;714;702;-0.7058;2.302422;0.01919999;0;0;0;0;0;0;Normal;0.01392698;4.196762
SceneName;0.51;-0.02;0.83;-0.23;647;721;703;-0.7058;2.302422;0.01919999;0;0;0;0;0;0;Normal;0.0130415;4.209803
SceneName;0.52;-0.02;0.82;-0.23;649;725;703;-0.7058;2.302422;0.01919999;0;0;0;0;0;0;Normal;0.01355505;4.223358
SceneName;0.52;-0.02;0.82;-0.23;650;729;702;-0.7058;2.302422;0.01919999;0;0;0;0;0;0;Normal;0.01327372;4.236632
SceneName;0.51;-0.02;0.83;-0.23;651;733;704;-0.7058;2.302422;0.01919999;0;0;0;0;0;0;Normal;0.01304817;4.24968
SceneName;0.51;-0.02;0.83;-0.23;653;738;706;-0.7058;2.302422;0.01919999;0;0;0;0;0;0;Normal;0.01374769;4.263428
SceneName;0.51;-0.02;0.83;-0.23;656;743;709;-0.7058;2.302422;0.01919999;0;0;0;0;0;0;Normal;0.01297188;4.2764
SceneName;0.51;-0.01;0.83;-0.23;658;748;714;-0.7058;2.302422;0.01919999;0;0;0;0;0;0;Normal;0.0139389;4.290339
SceneName;0.51;-0.01;0.82;-0.24;660;750;715;-0.7058;2.302422;0.01919999;0;0;0;0;0;0;Normal;0.0137372;4.304076
SceneName;0.52;-0.00;0.82;-0.24;662;752;717;-0.7058;2.302422;0.01919999;0;0;0;0;0;0;Normal;0.01298952;4.317065
SceneName;0.52;0.00;0.82;-0.24;663;752;719;-0.7058;2.302422;0.01919999;0;0;0;0;0;0;Normal;0.01307106;4.330136
SceneName;0.52;0.01;0.82;-0.24;665;754;720;-0.7058;2.302422;0.01919999;0;0;0;0;0;0;Normal;0.01316643;4.343303
SceneName;0.52;0.01;0.82;-0.24;666;755;721;-0.7058;2.302422;0.01919999;0;0;0;0;0;0;Normal;0.01340103;4.356704
SceneName;0.52;0.01;0.82;-0.24;667;757;721;-0.7058;2.302422;0.01919999;0;0;0;0;0;0;Normal;0.01333475;4.370039
SceneName;0.52;0.01;0.82;-0.24;667;759;722;-0.7058;2.302422;0.01919999;0;0;0;0;0;0;Normal;0.01379967;4.383838
SceneName;0.53;0.02;0.81;-0.24;669;760;724;-0.7058;2.302422;0.01919999;0;0;0;0;0;0;Normal;0.01321459;4.397053
SceneName;0.53;0.02;0.81;-0.24;669;764;726;-0.7058;2.302422;0.01919999;0;0;0;0;0;0;Normal;0.01379967;4.410852
SceneName;0.53;0.02;0.81;-0.25;671;767;727;-0.7058;2.302422;0.01919999;0;0;0;0;0;0;Normal;0.01335907;4.424212
SceneName;0.53;0.02;0.81;-0.25;671;769;729;-0.7058;2.302422;0.01919999;0;0;0;0;0;0;Normal;0.01352501;4.437737
SceneName;0.53;0.02;0.81;-0.25;672;769;730;-0.7058;2.302422;0.01919999;0;0;0;0;0;0;Normal;0.01424646;4.451983
SceneName;0.53;0.02;0.81;-0.25;672;771;731;-0.7058;2.302422;0.01919999;0;0;0;0;0;0;Normal;0.01374388;4.465727
SceneName;0.53;0.03;0.81;-0.25;672;771;732;-0.7058;2.302422;0.01919999;0;0;0;0;0;0;Normal;0.01350927;4.479236
SceneName;0.54;0.03;0.81;-0.25;673;771;732;-0.7058;2.302422;0.01919999;0;0;0;0;0;0;Normal;0.01348495;4.492721
SceneName;0.54;0.03;0.81;-0.25;673;771;733;-0.7058;2.302422;0.01919999;0;0;0;0;0;0;Normal;0.01392126;4.506642
SceneName;0.54;0.03;0.81;-0.25;674;770;733;-0.7058;2.302422;0.01919999;0;0;0;0;0;0;Normal;0.01320505;4.519847
SceneName;0.54;0.03;0.81;-0.25;673;769;733;-0.7058;2.302422;0.01919999;0;0;0;0;0;0;Normal;0.01335239;4.5332
SceneName;0.54;0.03;0.81;-0.25;673;766;733;-0.7058;2.302422;0.01919999;0;0;0;0;0;0;Normal;0.01314688;4.546347
SceneName;0.54;0.03;0.80;-0.25;674;764;733;-0.7058;2.302422;0.01919999;0;0;0;0;0;0;Normal;0.0131259;4.559473
SceneName;0.54;0.03;0.80;-0.25;673;760;734;-0.7058;2.302422;0.01919999;0;0;0;0;0;0;Normal;0.01361275;4.573085
SceneName;0.54;0.03;0.80;-0.25;673;757;733;-0.7058;2.302422;0.01919999;0;0;0;0;0;0;Normal;0.01431322;4.587399
SceneName;0.54;0.03;0.80;-0.25;673;755;733;-0.7058;2.302422;0.01919999;0;0;0;0;0;0;Normal;0.01284885;4.600247
SceneName;0.54;0.02;0.80;-0.25;674;752;733;-0.7058;2.302422;0.01919999;0;0;0;0;0;0;Normal;0.01305246;4.6133
SceneName;0.53;0.02;0.81;-0.25;674;750;733;-0.7058;2.302422;0.01919999;0;0;0;0;0;0;Normal;0.01303434;4.626334
SceneName;0.53;0.02;0.81;-0.25;673;747;733;-0.7058;2.302422;0.01919999;0;0;0;0;0;0;Normal;0.01286364;4.639198
SceneName;0.53;0.02;0.81;-0.26;673;744;733;-0.7058;2.302422;0.01919999;0;0;0;0;0;0;Normal;0.01323605;4.652434
SceneName;0.53;0.02;0.81;-0.26;673;743;732;-0.7058;2.302422;0.01919999;0;0;0;0;0;0;Normal;0.01315737;4.665591
SceneName;0.53;0.02;0.81;-0.26;674;739;732;-0.7058;2.302422;0.01919999;0;0;0;0;0;0;Normal;0.01349926;4.67909
SceneName;0.53;0.01;0.81;-0.26;674;739;731;-0.7058;2.302422;0.01919999;0;0;0;0;0;0;Normal;0.01291752;4.692008
SceneName;0.53;0.01;0.81;-0.26;673;737;732;-0.7058;2.302422;0.01919999;0;0;0;0;0;0;Normal;0.01331758;4.705326
SceneName;0.53;0.01;0.81;-0.26;673;735;732;-0.7058;2.302422;0.01919999;0;0;0;0;0;0;Normal;0.01314449;4.71847
SceneName;0.53;0.01;0.81;-0.26;673;735;731;-0.7058;2.302422;0.01919999;0;0;0;0;0;0;Normal;0.01296902;4.731439
SceneName;0.53;0.01;0.81;-0.26;674;734;731;-0.7058;2.302422;0.01919999;0;0;0;0;0;0;Normal;0.01326656;4.744706
SceneName;0.53;0.00;0.81;-0.26;673;733;730;-0.7058;2.302422;0.01919999;0;0;0;0;0;0;Normal;0.01275826;4.757464
SceneName;0.53;0.00;0.81;-0.26;673;732;730;-0.7058;2.302422;0.01919999;0;0;0;0;0;0;Normal;0.01300192;4.770466
SceneName;0.52;0.00;0.81;-0.26;673;731;729;-0.7058;2.302422;0.01919999;0;0;0;0;0;0;Normal;0.01326704;4.783733
SceneName;0.52;0.00;0.81;-0.26;672;731;730;-0.7058;2.302422;0.01919999;0;0;0;0;0;0;Normal;0.01311588;4.796849
SceneName;0.52;-0.00;0.81;-0.26;673;731;730;-0.7058;2.302422;0.01919999;0;0;0;0;0;0;Normal;0.01311684;4.809966
SceneName;0.52;-0.00;0.81;-0.26;673;732;729;-0.7058;2.302422;0.01919999;0;0;0;0;0;0;Normal;0.01350546;4.823471
SceneName;0.53;-0.00;0.81;-0.26;673;731;729;-0.7058;2.302422;0.01919999;0;0;0;0;0;0;Normal;0.01332474;4.836796
SceneName;0.53;-0.00;0.81;-0.26;674;731;729;-0.7058;2.302422;0.01919999;0;0;0;0;0;0;Normal;0.01339102;4.850187
SceneName;0.53;-0.01;0.81;-0.26;674;730;729;-0.7058;2.302422;0.01919999;0;0;0;0;0;0;Normal;0.01279688;4.862984
SceneName;0.53;-0.01;0.80;-0.26;674;730;730;-0.7058;2.302422;0.01919999;0;0;0;0;0;0;Normal;0.01309013;4.876074
SceneName;0.53;-0.01;0.80;-0.26;674;730;729;-0.7058;2.302422;0.01919999;0;0;0;0;0;0;Normal;0.01374531;4.889819
SceneName;0.53;-0.01;0.80;-0.26;673;729;729;-0.7058;2.302422;0.01919999;0;0;0;0;0;0;Normal;0.01351547;4.903335
SceneName;0.53;-0.01;0.80;-0.27;673;729;729;-0.7058;2.302422;0.01919999;0;0;0;0;0;0;Normal;0.01306057;4.916395
SceneName;0.53;-0.01;0.80;-0.27;673;730;730;-0.7058;2.302422;0.01919999;0;0;0;0;0;0;Normal;0.01313353;4.929529
SceneName;0.53;-0.00;0.80;-0.27;673;728;729;-0.7058;2.302422;0.01919999;0;0;0;0;0;0;Normal;0.01288033;4.942409
SceneName;0.53;-0.00;0.80;-0.27;672;729;729;-0.7058;2.302422;0.01919999;0;0;0;0;0;0;Normal;0.01339054;4.9558
SceneName;0.53;-0.01;0.80;-0.27;672;728;728;-0.7058;2.302422;0.01919999;0;0;0;0;0;0;Normal;0.0133667;4.969166
SceneName;0.53;-0.01;0.80;-0.27;673;728;729;-0.7058;2.302422;0.01919999;0;0;0;0;0;0;Normal;0.01337862;4.982545
SceneName;0.53;-0.01;0.80;-0.27;673;728;728;-0.7058;2.302422;0.01919999;0;0;0;0;0;0;Normal;0.01413679;4.996682
SceneName;0.53;-0.01;0.80;-0.27;673;728;728;-0.7058;2.302422;0.01919999;0;0;0;0;0;0;Normal;0.01299238;5.009674
SceneName;0.53;-0.01;0.80;-0.27;673;728;728;-0.7058;2.302422;0.01919999;0;0;0;0;0;0;Normal;0.01297808;5.022652
SceneName;0.53;-0.01;0.80;-0.27;673;728;728;-0.7058;2.302422;0.01919999;0;0;0;0;0;0;Normal;0.01309156;5.035744
SceneName;0.53;-0.01;0.80;-0.27;673;728;729;-0.7058;2.302422;0.01919999;0;0;0;0;0;0;Normal;0.01327705;5.049021
SceneName;0.53;-0.01;0.81;-0.27;673;728;728;-0.7058;2.302422;0.01919999;0;0;0;0;0;0;Normal;0.01322317;5.062244
SceneName;0.53;-0.01;0.81;-0.27;672;727;728;-0.7058;2.302422;0.01919999;0;0;0;0;0;0;Normal;0.01349211;5.075736
SceneName;0.53;-0.01;0.81;-0.27;672;727;728;-0.7058;2.302422;0.01919999;0;0;0;0;0;0;Normal;0.0129137;5.08865
SceneName;0.53;-0.01;0.81;-0.27;673;727;728;-0.7058;2.302422;0.01919999;0;0;0;0;0;0;Normal;0.01339388;5.102044
SceneName;0.53;-0.01;0.81;-0.27;672;727;728;-0.7058;2.302422;0.01919999;0;0;0;0;0;0;Normal;0.01294708;5.114991
SceneName;0.53;-0.01;0.81;-0.27;673;726;728;-0.7058;2.302422;0.01919999;0;0;0;0;0;0;Normal;0.01278067;5.127771
SceneName;0.53;-0.01;0.81;-0.27;672;727;728;-0.7058;2.302422;0.01919999;0;0;0;0;0;0;Normal;0.01298189;5.140753
SceneName;0.52;-0.01;0.81;-0.27;672;728;729;-0.7058;2.302422;0.01919999;0;0;0;0;0;0;Normal;0.01323462;5.153988
SceneName;0.52;-0.02;0.81;-0.27;672;727;728;-0.7058;2.302422;0.01919999;0;0;0;0;0;0;Normal;0.01260042;5.166588
SceneName;0.52;-0.02;0.81;-0.27;673;727;728;-0.7058;2.302422;0.01919999;0;0;0;0;0;0;Normal;0.01301241;5.179601
SceneName;0.52;-0.02;0.81;-0.27;672;728;728;-0.7058;2.302422;0.01919999;0;0;0;0;0;0;Normal;0.01337051;5.192971
SceneName;0.52;-0.02;0.81;-0.27;673;727;728;-0.7058;2.302422;0.01919999;0;0;0;0;0;0;Normal;0.01340866;5.20638
SceneName;0.52;-0.02;0.81;-0.27;673;727;728;-0.7058;2.302422;0.01919999;0;0;0;0;0;0;Normal;0.01312923;5.219509
SceneName;0.52;-0.02;0.81;-0.27;672;727;727;-0.7058;2.302422;0.01919999;0;0;0;0;0;0;Normal;0.01272249;5.232232
SceneName;0.52;-0.02;0.81;-0.27;672;727;728;-0.7058;2.302422;0.01919999;0;0;0;0;0;0;Normal;0.01368189;5.245914
SceneName;0.52;-0.02;0.81;-0.27;672;727;728;-0.7058;2.302422;0.01919999;0;0;0;0;0;0;Normal;0.01342726;5.259341
SceneName;0.52;-0.02;0.81;-0.27;672;727;728;-0.7058;2.302422;0.01919999;0;0;0;0;0;0;Normal;0.01264143;5.271982
SceneName;0.52;-0.02;0.81;-0.27;672;726;728;-0.7058;2.302422;0.01919999;0;0;0;0;0;0;Normal;0.01370144;5.285684
SceneName;0.52;-0.02;0.81;-0.27;672;727;727;-0.7058;2.302422;0.01919999;0;0;0;0;0;0;Normal;0.01295757;5.298641
SceneName;0.52;-0.02;0.81;-0.27;673;727;728;-0.7058;2.302422;0.01919999;0;0;0;0;0;0;Normal;0.01386738;5.312509
SceneName;0.52;-0.02;0.81;-0.27;672;727;728;-0.7058;2.302422;0.01919999;0;0;0;0;0;0;Normal;0.01362228;5.326131
SceneName;0.52;-0.02;0.81;-0.27;672;726;728;-0.7058;2.302422;0.01919999;0;0;0;0;0;0;Normal;0.01307106;5.339202
SceneName;0.51;-0.02;0.81;-0.27;671;726;727;-0.7058;2.302422;0.01919999;0;0;0;0;0;0;Normal;0.01275635;5.351958
SceneName;0.51;-0.02;0.81;-0.27;672;725;728;-0.7058;2.302422;0.01919999;0;0;0;0;0;0;Normal;0.01321507;5.365173
SceneName;0.51;-0.02;0.81;-0.27;672;726;727;-0.7058;2.302422;0.01919999;0;0;0;0;0;0;Normal;0.01303625;5.37821
SceneName;0.51;-0.02;0.81;-0.27;671;726;728;-0.7058;2.302422;0.01919999;0;0;0;0;0;0;Normal;0.01245546;5.390665
SceneName;0.51;-0.02;0.81;-0.27;672;726;727;-0.7058;2.302422;0.01919999;0;0;0;0;0;0;Normal;0.01348829;5.404153
SceneName;0.51;-0.02;0.81;-0.27;672;726;728;-0.7058;2.302422;0.01919999;0;0;0;0;0;0;Normal;0.01329565;5.417449
SceneName;0.51;-0.03;0.81;-0.27;672;726;727;-0.7058;2.302422;0.01919999;0;0;0;0;0;0;Normal;0.01309204;5.430541
SceneName;0.51;-0.03;0.81;-0.27;671;725;728;-0.7058;2.302422;0.01919999;0;0;0;0;0;0;Normal;0.01287699;5.443418
SceneName;0.51;-0.03;0.82;-0.27;672;725;727;-0.7058;2.302422;0.01919999;0;0;0;0;0;0;Normal;0.01365852;5.457077
SceneName;0.51;-0.03;0.82;-0.28;672;726;728;-0.7058;2.302422;0.01919999;0;0;0;0;0;0;Normal;0.01294184;5.470018
SceneName;0.51;-0.03;0.82;-0.28;672;726;727;-0.7058;2.302422;0.01919999;0;0;0;0;0;0;Normal;0.01389122;5.48391
SceneName;0.51;-0.03;0.82;-0.28;672;726;727;-0.7058;2.302422;0.01919999;0;0;0;0;0;0;Normal;0.01323795;5.497148
SceneName;0.50;-0.03;0.82;-0.28;672;726;727;-0.7058;2.302422;0.01919999;0;0;0;0;0;0;Normal;0.01375103;5.510899
SceneName;0.50;-0.03;0.82;-0.28;671;725;727;-0.7058;2.302422;0.01919999;0;0;0;0;0;0;Normal;0.01350784;5.524406
SceneName;0.50;-0.03;0.82;-0.28;672;726;728;-0.7058;2.302422;0.01919999;0;0;0;0;0;0;Normal;0.0134902;5.537897
SceneName;0.50;-0.03;0.82;-0.28;672;726;728;-0.7058;2.302422;0.01919999;0;0;0;0;0;0;Normal;0.01322269;5.551119
SceneName;0.50;-0.03;0.82;-0.28;672;726;727;-0.7058;2.302422;0.01919999;0;0;0;0;0;0;Normal;0.01320744;5.564327
SceneName;0.50;-0.03;0.82;-0.28;671;727;727;-0.7058;2.302422;0.01919999;0;0;0;0;0;0;Normal;0.01321554;5.577542
SceneName;0.50;-0.03;0.82;-0.28;671;725;727;-0.7058;2.302422;0.01919999;0;0;0;0;0;0;Normal;0.01286221;5.590405
SceneName;0.50;-0.03;0.82;-0.28;672;726;727;-0.7058;2.302422;0.01919999;0;0;0;0;0;0;Normal;0.01311159;5.603516
SceneName;0.50;-0.03;0.82;-0.28;671;725;727;-0.7058;2.302422;0.01919999;0;0;0;0;0;0;Normal;0.01302719;5.616543
SceneName;0.50;-0.03;0.82;-0.28;671;726;727;-0.7058;2.302422;0.01919999;0;0;0;0;0;0;Normal;0.01343918;5.629982
SceneName;0.50;-0.03;0.82;-0.28;671;726;727;-0.7058;2.302422;0.01919999;0;0;0;0;0;0;Normal;0.01288748;5.64287
SceneName;0.50;-0.03;0.82;-0.28;672;726;728;-0.7058;2.302422;0.01919999;0;0;0;0;0;0;Normal;0.01348829;5.656358
SceneName;0.50;-0.03;0.82;-0.28;671;725;727;-0.7058;2.302422;0.01919999;0;0;0;0;0;0;Normal;0.01299477;5.669353
SceneName;0.50;-0.04;0.82;-0.28;671;726;727;-0.7058;2.302422;0.01919999;0;0;0;0;0;0;Normal;0.01390648;5.683259
SceneName;0.50;-0.04;0.82;-0.28;671;725;727;-0.7058;2.302422;0.01919999;0;0;0;0;0;0;Normal;0.01378298;5.697042
SceneName;0.50;-0.04;0.82;-0.28;671;726;727;-0.7058;2.302422;0.01919999;0;0;0;0;0;0;Normal;0.01410055;5.711143
SceneName;0.50;-0.04;0.82;-0.28;671;725;728;-0.7058;2.302422;0.01919999;0;0;0;0;0;0;Normal;0.01400757;5.725151
SceneName;0.50;-0.04;0.82;-0.28;671;725;727;-0.7058;2.302422;0.01919999;0;0;0;0;0;0;Normal;0.01367378;5.738824
SceneName;0.49;-0.04;0.82;-0.28;671;724;727;-0.7058;2.302422;0.01919999;0;0;0;0;0;0;Normal;0.01340771;5.752232
SceneName;0.49;-0.04;0.82;-0.28;671;725;727;-0.7058;2.302422;0.01919999;0;0;0;0;0;0;Normal;0.01362896;5.765861
SceneName;0.49;-0.04;0.82;-0.28;671;726;727;-0.7058;2.302422;0.01919999;0;0;0;0;0;0;Normal;0.0138793;5.77974
SceneName;0.49;-0.04;0.82;-0.28;670;726;727;-0.7058;2.302422;0.01919999;0;0;0;0;0;0;Normal;0.01369143;5.793432
SceneName;0.49;-0.04;0.82;-0.28;671;725;727;-0.7058;2.302422;0.01919999;0;0;0;0;0;0;Normal;0.0140729;5.807505
SceneName;0.49;-0.04;0.82;-0.28;671;725;727;-0.7058;2.302422;0.01919999;0;0;0;0;0;0;Normal;0.01364326;5.821148
SceneName;0.49;-0.04;0.82;-0.28;670;726;727;-0.7058;2.302422;0.01919999;0;0;0;0;0;0;Normal;0.01320601;5.834354
SceneName;0.49;-0.04;0.82;-0.28;670;726;728;-0.7058;2.302422;0.01919999;0;0;0;0;0;0;Normal;0.0138135;5.848167
SceneName;0.49;-0.04;0.82;-0.28;671;725;727;-0.7058;2.302422;0.01919999;0;0;0;0;0;0;Normal;0.01397753;5.862145
SceneName;0.49;-0.05;0.82;-0.28;671;725;727;-0.7058;2.302422;0.01919999;0;0;0;0;0;0;Normal;0.01427603;5.876421
SceneName;0.49;-0.05;0.82;-0.28;671;724;726;-0.7058;2.302422;0.01919999;0;0;0;0;0;0;Normal;0.0143404;5.890761
SceneName;0.49;-0.05;0.83;-0.28;671;725;728;-0.7058;2.302422;0.01919999;0;0;0;0;0;0;Normal;0.01225996;5.903021
SceneName;0.49;-0.05;0.83;-0.28;671;726;727;-0.7058;2.302422;0.01919999;0;0;0;0;0;0;Normal;0.01343536;5.916457
SceneName;0.49;-0.05;0.83;-0.28;670;724;727;-0.7058;2.302422;0.01919999;0;0;0;0;0;0;Normal;0.0132041;5.929661
SceneName;0.49;-0.05;0.83;-0.28;671;725;727;-0.7058;2.302422;0.01919999;0;0;0;0;0;0;Normal;0.01353836;5.943199
SceneName;0.49;-0.05;0.83;-0.28;671;725;728;-0.7058;2.302422;0.01919999;0;0;0;0;0;0;Normal;0.01303244;5.956232
SceneName;0.48;-0.05;0.83;-0.28;671;726;727;-0.7058;2.302422;0.01919999;0;0;0;0;0;0;Normal;0.01338625;5.969618
SceneName;0.48;-0.05;0.83;-0.28;671;725;727;-0.7058;2.302422;0.01919999;0;0;0;0;0;0;Normal;0.01371527;5.983333
SceneName;0.48;-0.05;0.83;-0.28;671;725;727;-0.7058;2.302422;0.01919999;0;0;0;0;0;0;Normal;0.01352644;5.99686
SceneName;0.48;-0.05;0.83;-0.28;671;727;727;-0.7058;2.302422;0.01919999;0;0;0;0;0;0;Normal;0.01337051;6.01023
SceneName;0.48;-0.05;0.83;-0.28;671;727;727;-0.7058;2.302422;0.01919999;0;0;0;0;0;0;Normal;0.01296854;6.023199
SceneName;0.48;-0.05;0.83;-0.28;671;728;727;-0.7058;2.302422;0.01919999;0;0;0;0;0;0;Normal;0.0131321;6.036331
SceneName;0.48;-0.05;0.83;-0.28;672;729;727;-0.7058;2.302422;0.01919999;0;0;0;0;0;0;Normal;0.01307392;6.049405
SceneName;0.48;-0.05;0.83;-0.28;671;730;727;-0.7058;2.302422;0.01919999;0;0;0;0;0;0;Normal;0.0130868;6.062491
SceneName;0.48;-0.05;0.83;-0.28;671;731;728;-0.7058;2.302422;0.01919999;0;0;0;0;0;0;Normal;0.0130887;6.07558
SceneName;0.48;-0.05;0.83;-0.28;672;731;727;-0.7058;2.302422;0.01919999;0;0;0;0;0;0;Normal;0.01304626;6.088626
SceneName;0.48;-0.05;0.83;-0.28;671;734;727;-0.7058;2.302422;0.01919999;0;0;0;0;0;0;Normal;0.0129447;6.101571
SceneName;0.48;-0.05;0.83;-0.28;672;737;727;-0.7058;2.302422;0.01919999;0;0;0;0;0;0;Normal;0.01331711;6.114888
SceneName;0.48;-0.05;0.83;-0.28;672;740;727;-0.7058;2.302422;0.01919999;0;0;0;0;0;0;Normal;0.01294231;6.127831
SceneName;0.48;-0.06;0.83;-0.28;672;742;727;-0.7058;2.302422;0.01919999;0;0;0;0;0;0;Normal;0.01299095;6.140821
SceneName;0.48;-0.06;0.83;-0.28;672;744;728;-0.7058;2.302422;0.01919999;0;0;0;0;0;0;Normal;0.01323843;6.15406
SceneName;0.47;-0.06;0.83;-0.28;672;748;728;-0.7058;2.302422;0.01919999;0;0;0;0;0;0;Normal;0.01354313;6.167603
SceneName;0.47;-0.06;0.83;-0.28;672;752;728;-0.7058;2.302422;0.01919999;0;0;0;0;0;0;Normal;0.01354265;6.181146
SceneName;0.47;-0.06;0.83;-0.28;672;753;728;-0.7058;2.302422;0.01919999;0;0;0;0;0;0;Normal;0.01302338;6.194169
SceneName;0.47;-0.06;0.83;-0.28;672;759;729;-0.7058;2.302422;0.01919999;0;0;0;0;0;0;Normal;0.01284409;6.207013
SceneName;0.47;-0.06;0.83;-0.28;673;762;728;-0.7058;2.302422;0.01919999;0;0;0;0;0;0;Normal;0.01432371;6.221337
SceneName;0.47;-0.06;0.83;-0.28;674;766;729;-0.7058;2.302422;0.01919999;0;0;0;0;0;0;Normal;0.01304102;6.234378
SceneName;0.47;-0.06;0.83;-0.28;674;768;729;-0.7058;2.302422;0.01919999;0;0;0;0;0;0;Normal;0.01336813;6.247746
SceneName;0.47;-0.06;0.83;-0.28;674;771;729;-0.7058;2.302422;0.01919999;0;0;0;0;0;0;Normal;0.01317978;6.260926
SceneName;0.47;-0.06;0.83;-0.28;674;775;731;-0.7058;2.302422;0.01919999;0;0;0;0;0;0;Normal;0.01325083;6.274177
SceneName;0.47;-0.06;0.83;-0.28;674;777;731;-0.7058;2.302422;0.01919999;0;0;0;0;0;0;Normal;0.01312971;6.287306
SceneName;0.47;-0.06;0.83;-0.28;674;779;731;-0.7058;2.302422;0.01919999;0;0;0;0;0;0;Normal;0.01375389;6.30106
SceneName;0.47;-0.05;0.83;-0.28;675;780;731;-0.7058;2.302422;0.01919999;0;0;0;0;0;0;Normal;0.01337624;6.314436
SceneName;0.47;-0.05;0.83;-0.28;675;782;732;-0.7058;2.302422;0.01919999;0;0;0;0;0;0;Normal;0.01352024;6.327957
SceneName;0.47;-0.05;0.83;-0.28;675;784;732;-0.7058;2.302422;0.01919999;0;0;0;0;0;0;Normal;0.01383781;6.341794
SceneName;0.47;-0.05;0.83;-0.28;675;785;732;-0.7058;2.302422;0.01919999;0;0;0;0;0;0;Normal;0.01313496;6.354929
SceneName;0.47;-0.05;0.83;-0.28;675;786;733;-0.7058;2.302422;0.01919999;0;0;0;0;0;0;Normal;0.01305485;6.367984
SceneName;0.47;-0.05;0.84;-0.28;676;786;733;-0.7058;2.302422;0.01919999;0;0;0;0;0;0;Normal;0.01333904;6.381323
SceneName;0.47;-0.05;0.84;-0.28;675;786;735;-0.7058;2.302422;0.01919999;0;0;0;0;0;0;Normal;0.01349974;6.394823
SceneName;0.47;-0.05;0.84;-0.28;675;788;735;-0.7058;2.302422;0.01919999;0;0;0;0;0;0;Normal;0.01295233;6.407775
SceneName;0.47;-0.05;0.84;-0.28;676;789;736;-0.7058;2.302422;0.01919999;0;0;0;0;0;0;Normal;0.01366329;6.421439
SceneName;0.47;-0.05;0.84;-0.28;676;791;736;-0.7058;2.302422;0.01919999;0;0;0;0;0;0;Normal;0.01370955;6.435148
SceneName;0.47;-0.05;0.84;-0.28;676;791;738;-0.7058;2.302422;0.01919999;0;0;0;0;0;0;Normal;0.01277065;6.447919
SceneName;0.47;-0.05;0.84;-0.28;676;791;737;-0.7058;2.302422;0.01919999;0;0;0;0;0;0;Normal;0.01315546;6.461074
SceneName;0.47;-0.05;0.84;-0.28;676;792;738;-0.7058;2.302422;0.01919999;0;0;0;0;0;0;Normal;0.01416874;6.475243
SceneName;0.47;-0.05;0.84;-0.28;676;792;739;-0.7058;2.302422;0.01919999;0;0;0;0;0;0;Normal;0.01343918;6.488682
SceneName;0.47;-0.05;0.84;-0.28;676;792;739;-0.7058;2.302422;0.01919999;0;0;0;0;0;0;Normal;0.01321077;6.501893
SceneName;0.47;-0.05;0.84;-0.28;677;793;739;-0.7058;2.302422;0.01919999;0;0;0;0;0;0;Normal;0.01320553;6.515099
SceneName;0.47;-0.05;0.84;-0.28;677;794;739;-0.7058;2.302422;0.01919999;0;0;0;0;0;0;Normal;0.01328325;6.528382
SceneName;0.47;-0.05;0.84;-0.28;677;795;741;-0.7058;2.302422;0.01919999;0;0;0;0;0;0;Normal;0.01343012;6.541812
SceneName;0.47;-0.05;0.84;-0.28;677;795;741;-0.7058;2.302422;0.01919999;0;0;0;0;0;0;Normal;0.01321793;6.55503
SceneName;0.47;-0.05;0.84;-0.28;677;794;740;-0.7058;2.302422;0.01919999;0;0;0;0;0;0;Normal;0.01289701;6.567927
SceneName;0.47;-0.05;0.84;-0.28;677;795;740;-0.7058;2.302422;0.01919999;0;0;0;0;0;0;Normal;0.01336002;6.581287
SceneName;0.46;-0.05;0.84;-0.28;677;795;740;-0.7058;2.302422;0.01919999;0;0;0;0;0;0;Normal;0.01332521;6.594612
SceneName;0.46;-0.05;0.84;-0.28;677;796;741;-0.7058;2.302422;0.01919999;0;0;0;0;0;0;Normal;0.01285887;6.607471
SceneName;0.46;-0.05;0.84;-0.28;678;796;741;-0.7058;2.302422;0.01919999;0;0;0;0;0;0;Normal;0.0132556;6.620727
SceneName;0.46;-0.05;0.84;-0.28;678;795;740;-0.7058;2.302422;0.01919999;0;0;0;0;0;0;Normal;0.01307487;6.633801
SceneName;0.46;-0.05;0.84;-0.28;678;793;741;-0.7058;2.302422;0.01919999;0;0;0;0;0;0;Normal;0.01347399;6.647275
SceneName;0.46;-0.05;0.84;-0.28;678;794;741;-0.7058;2.302422;0.01919999;0;0;0;0;0;0;Normal;0.0129447;6.66022
SceneName;0.46;-0.06;0.84;-0.28;678;791;741;-0.7058;2.302422;0.01919999;0;0;0;0;0;0;Normal;0.01300478;6.673225
SceneName;0.46;-0.06;0.84;-0.28;677;791;741;-0.7058;2.302422;0.01919999;0;0;0;0;0;0;Normal;0.01264811;6.685873
SceneName;0.46;-0.06;0.84;-0.28;678;789;740;-0.7058;2.302422;0.01919999;0;0;0;0;0;0;Normal;0.013659;6.699532
SceneName;0.46;-0.06;0.84;-0.28;677;787;740;-0.7058;2.302422;0.01919999;0;0;0;0;0;0;Normal;0.01303244;6.712564
SceneName;0.46;-0.06;0.84;-0.28;677;787;740;-0.7058;2.302422;0.01919999;0;0;0;0;0;0;Normal;0.01299715;6.725562
SceneName;0.46;-0.06;0.84;-0.28;677;786;740;-0.7058;2.302422;0.01919999;0;0;0;0;0;0;Normal;0.01395607;6.739518
SceneName;0.46;-0.06;0.84;-0.28;677;783;740;-0.7058;2.302422;0.01919999;0;0;0;0;0;0;Normal;0.01314306;6.752661
SceneName;0.46;-0.06;0.84;-0.28;677;782;740;-0.7058;2.302422;0.01919999;0;0;0;0;0;0;Normal;0.01367617;6.766337
SceneName;0.46;-0.06;0.84;-0.28;676;780;741;-0.7058;2.302422;0.01919999;0;0;0;0;0;0;Normal;0.0133481;6.779685
SceneName;0.46;-0.07;0.84;-0.28;677;777;740;-0.7058;2.302422;0.01919999;0;0;0;0;0;0;Normal;0.01271677;6.792402
SceneName;0.46;-0.07;0.84;-0.28;676;774;741;-0.7058;2.302422;0.01919999;0;0;0;0;0;0;Normal;0.01382971;6.806231
SceneName;0.46;-0.07;0.84;-0.28;676;769;741;-0.7058;2.302422;0.01919999;0;0;0;0;0;0;Normal;0.01518011;6.821412
SceneName;0.46;-0.07;0.84;-0.28;675;766;741;-0.7058;2.302422;0.01919999;0;0;0;0;0;0;Normal;0.01775789;6.83917
SceneName;0.46;-0.07;0.84;-0.28;676;761;741;-0.7058;2.302422;0.01919999;0;0;0;0;0;0;Normal;0.01557732;6.854747
SceneName;0.46;-0.07;0.84;-0.28;675;756;741;-0.7058;2.302422;0.01919999;0;0;0;0;0;0;Normal;0.01611614;6.870863
SceneName;0.46;-0.07;0.84;-0.28;675;753;740;-0.7058;2.302422;0.01919999;0;0;0;0;0;0;Normal;0.0152421;6.886105
SceneName;0.46;-0.08;0.84;-0.29;674;751;740;-0.7058;2.302422;0.01919999;0;0;0;0;0;0;Normal;0.01353359;6.899639
SceneName;0.46;-0.08;0.84;-0.29;674;748;739;-0.7058;2.302422;0.01919999;0;0;0;0;0;0;Normal;0.01466227;6.914301
SceneName;0.46;-0.08;0.84;-0.29;674;747;740;-0.7058;2.302422;0.01919999;0;0;0;0;0;0;Normal;0.01505184;6.929353
SceneName;0.46;-0.08;0.84;-0.29;675;745;739;-0.7058;2.302422;0.01919999;0;0;0;0;0;0;Normal;0.01438522;6.943738
SceneName;0.46;-0.08;0.84;-0.29;675;745;738;-0.7058;2.302422;0.01919999;0;0;0;0;0;0;Normal;0.01377726;6.957515
SceneName;0.46;-0.08;0.84;-0.29;675;744;738;-0.7058;2.302422;0.01919999;0;0;0;0;0;0;Normal;0.01311398;6.970629
SceneName;0.45;-0.08;0.84;-0.29;674;743;738;-0.7058;2.302422;0.01919999;0;0;0;0;0;0;Normal;0.01529312;6.985922
SceneName;0.45;-0.08;0.84;-0.29;674;743;737;-0.7058;2.302422;0.01919999;0;0;0;0;0;0;Normal;0.01536131;7.001284
SceneName;0.45;-0.08;0.84;-0.29;674;742;738;-0.7058;2.302422;0.01919999;0;0;0;0;0;0;Normal;0.01546001;7.016744
SceneName;0.45;-0.08;0.84;-0.29;674;742;737;-0.7058;2.302422;0.01919999;0;0;0;0;0;0;Normal;0.01363611;7.03038
SceneName;0.45;-0.08;0.84;-0.29;674;741;736;-0.7058;2.302422;0.01919999;0;0;0;0;0;0;Normal;0.01371574;7.044096
SceneName;0.45;-0.08;0.84;-0.29;674;742;737;-0.7058;2.302422;0.01919999;0;0;0;0;0;0;Normal;0.01326084;7.057356
SceneName;0.45;-0.08;0.84;-0.29;674;741;738;-0.7058;2.302422;0.01919999;0;0;0;0;0;0;Normal;0.013165;7.070521
SceneName;0.45;-0.08;0.84;-0.29;674;740;737;-0.7058;2.302422;0.01919999;0;0;0;0;0;0;Normal;0.01374483;7.084266
SceneName;0.45;-0.08;0.84;-0.29;674;740;737;-0.7058;2.302422;0.01919999;0;0;0;0;0;0;Normal;0.01413679;7.098403
SceneName;0.45;-0.08;0.84;-0.29;674;740;737;-0.7058;2.302422;0.01919999;0;0;0;0;0;0;Normal;0.01418352;7.112586
SceneName;0.45;-0.08;0.84;-0.29;674;741;736;-0.7058;2.302422;0.01919999;0;0;0;0;0;0;Normal;0.01530838;7.127895
SceneName;0.45;-0.08;0.84;-0.29;673;741;736;-0.7058;2.302422;0.01919999;0;0;0;0;0;0;Normal;0.01472664;7.142622
SceneName;0.45;-0.08;0.84;-0.29;673;740;736;-0.7058;2.302422;0.01919999;0;0;0;0;0;0;Normal;0.01396132;7.156583
SceneName;0.45;-0.08;0.84;-0.29;674;741;736;-0.7058;2.302422;0.01919999;0;0;0;0;0;0;Normal;0.01372814;7.170311
SceneName;0.45;-0.08;0.84;-0.29;674;742;736;-0.7058;2.302422;0.01919999;0;0;0;0;0;0;Normal;0.01384783;7.184159
SceneName;0.45;-0.08;0.84;-0.29;674;743;737;-0.7058;2.302422;0.01919999;0;0;0;0;0;0;Normal;0.01419735;7.198356
SceneName;0.45;-0.08;0.84;-0.29;674;747;736;-0.7058;2.302422;0.01919999;0;0;0;0;0;0;Normal;0.01382017;7.212176
SceneName;0.45;-0.08;0.84;-0.29;673;755;736;-0.7058;2.302422;0.01919999;0;0;0;0;0;0;Normal;0.014606;7.226782
SceneName;0.45;-0.08;0.84;-0.29;674;761;736;-0.7058;2.302422;0.01919999;0;0;0;0;0;0;Normal;0.01436758;7.24115
SceneName;0.45;-0.08;0.84;-0.29;674;765;736;-0.7058;2.302422;0.01919999;0;0;0;0;0;0;Normal;0.01400995;7.25516
SceneName;0.45;-0.08;0.84;-0.29;673;769;736;-0.7058;2.302422;0.01919999;0;0;0;0;0;0;Normal;0.0125947;7.267755
SceneName;0.45;-0.08;0.84;-0.29;674;772;736;-0.7058;2.302422;0.01919999;0;0;0;0;0;0;Normal;0.01336479;7.281119
SceneName;0.44;-0.08;0.84;-0.29;674;777;736;-0.7058;2.302422;0.01919999;0;0;0;0;0;0;Normal;0.02003431;7.301154
SceneName;0.44;-0.08;0.84;-0.29;675;780;736;-0.7058;2.302422;0.01919999;0;0;0;0;0;0;Normal;0.01409912;7.315253
SceneName;0.44;-0.08;0.84;-0.29;675;783;736;-0.7058;2.302422;0.01919999;0;0;0;0;0;0;Normal;0.01343203;7.328685
SceneName;0.44;-0.08;0.84;-0.29;674;786;738;-0.7058;2.302422;0.01919999;0;0;0;0;0;0;Normal;0.01672125;7.345406
SceneName;0.44;-0.08;0.84;-0.29;675;788;739;-0.7058;2.302422;0.01919999;0;0;0;0;0;0;Normal;0.01435184;7.359758
SceneName;0.44;-0.08;0.85;-0.29;675;789;739;-0.7058;2.302422;0.01919999;0;0;0;0;0;0;Normal;0.01474714;7.374505
SceneName;0.44;-0.08;0.85;-0.29;675;793;739;-0.7058;2.302422;0.01919999;0;0;0;0;0;0;Normal;0.01424456;7.38875
SceneName;0.44;-0.08;0.85;-0.29;675;793;740;-0.7058;2.302422;0.01919999;0;0;0;0;0;0;Normal;0.01499557;7.403745
SceneName;0.44;-0.08;0.85;-0.29;676;796;742;-0.7058;2.302422;0.01919999;0;0;0;0;0;0;Normal;0.01502466;7.41877
SceneName;0.44;-0.08;0.85;-0.29;676;797;743;-0.7058;2.302422;0.01919999;0;0;0;0;0;0;Normal;0.01461935;7.433389
SceneName;0.44;-0.08;0.85;-0.28;677;797;743;-0.7058;2.302422;0.01919999;0;0;0;0;0;0;Normal;0.01439238;7.447782
SceneName;0.44;-0.08;0.85;-0.28;677;798;743;-0.7058;2.302422;0.01919999;0;0;0;0;0;0;Normal;0.01496983;7.462751
SceneName;0.44;-0.08;0.85;-0.28;677;799;744;-0.7058;2.302422;0.01919999;0;0;0;0;0;0;Normal;0.01457977;7.477331
SceneName;0.44;-0.08;0.85;-0.28;677;800;744;-0.7058;2.302422;0.01919999;0;0;0;0;0;0;Normal;0.01358032;7.490911
SceneName;0.44;-0.08;0.85;-0.28;677;800;744;-0.7058;2.302422;0.01919999;0;0;0;0;0;0;Normal;0.01424503;7.505157
SceneName;0.44;-0.08;0.85;-0.28;678;801;745;-0.7058;2.302422;0.01919999;0;0;0;0;0;0;Normal;0.01347923;7.518636
SceneName;0.44;-0.08;0.85;-0.28;678;801;746;-0.7058;2.302422;0.01919999;0;0;0;0;0;0;Normal;0.01354837;7.532184
SceneName;0.44;-0.08;0.85;-0.28;678;801;747;-0.7058;2.302422;0.01919999;0;0;0;0;0;0;Normal;0.01648474;7.548669
SceneName;0.44;-0.08;0.85;-0.28;679;803;747;-0.7058;2.302422;0.01919999;0;0;0;0;0;0;Normal;0.01508522;7.563754
SceneName;0.44;-0.08;0.85;-0.28;679;802;747;-0.7058;2.302422;0.01919999;0;0;0;0;0;0;Normal;0.01381874;7.577573
SceneName;0.44;-0.08;0.85;-0.28;680;803;749;-0.7058;2.302422;0.01919999;0;0;0;0;0;0;Normal;0.01336718;7.59094
SceneName;0.44;-0.08;0.85;-0.28;679;802;749;-0.7058;2.302422;0.01919999;0;0;0;0;0;0;Normal;0.01327562;7.604216
SceneName;0.44;-0.08;0.85;-0.28;679;804;750;-0.7058;2.302422;0.01919999;0;0;0;0;0;0;Normal;0.01639938;7.620615
