SceneName;GyroQuaternion_W;GyroQuaternion_X;GyroQuaternion_Y;GyroQuaternion_Z;Flex Thumb;Flex Index;Flex Middle;HandPoz_X;HandPoz_Y;HandPoz_Z;HandRot_X;HandRot_Y;HandRot_Z;ThumbRot_Z;IndexRot_X;MiddleRot_X;Hand Condition;Time;Timestamp
SceneName;>*......>......1.00;0.00;0.00;-0.00;633;639;684;-0.7058;2.302422;0.01919999;70.00002;340;338;350;59.99999;59.99999;Normal;0;0
SceneName;1.00;0.00;-0.00;-0.00;632;640;684;-0.7058;2.302422;0.01919999;70.00002;340;338;0;0;0;Normal;0.02;0.02
SceneName;1.00;0.00;-0.00;-0.00;633;641;685;-0.6897221;-1.065378;2.255235;359.9299;181.7082;162.6978;349.1818;40.29411;18.57896;Normal;0.3333333;0.3533334
SceneName;1.00;0.00;-0.00;-0.00;633;640;685;-0.6897221;-1.065378;2.255235;359.9299;181.7082;162.6978;349.4546;39.67648;18.02633;Normal;0.08656728;0.4399006
SceneName;1.00;0.00;-0.00;-0.00;634;640;684;-0.6897221;-1.065378;2.255235;359.9299;181.7082;162.6978;349.4546;40.29411;18.02633;Normal;0.02522022;0.4651209
SceneName;1.00;0.00;-0.00;-0.00;633;640;685;-0.6897221;-1.065378;2.255235;359.9299;181.7082;162.6978;349.7273;40.29411;18.57896;Normal;0.01616779;0.4812886
SceneName;1.00;0.00;-0.00;-0.00;634;640;684;-0.6897221;-1.065378;2.255235;359.9299;181.7082;162.6978;349.4546;40.29411;18.02633;Normal;0.01614809;0.4974367
SceneName;1.00;0.00;-0.00;-0.00;632;640;684;-0.6897221;-1.065378;2.255235;359.9299;181.7082;162.6978;349.7273;40.29411;18.57896;Normal;0.02229032;0.5197271
SceneName;1.00;0.00;-0.00;-0.00;633;640;684;-0.6897221;-1.065378;2.255235;359.9299;181.7082;162.6978;349.1818;40.29411;18.57896;Normal;0.005245388;0.5249724
SceneName;1.00;0.00;-0.00;-0.00;633;639;684;-0.6897221;-1.065378;2.255235;359.9299;181.7082;162.6978;349.4546;40.29411;18.57896;Normal;0.005075812;0.5300483
SceneName;1.00;0.00;-0.00;-0.00;632;640;684;-0.6897221;-1.065378;2.255235;359.9299;181.7082;162.6978;349.4546;40.91177;18.57896;Normal;0.005151212;0.5351995
SceneName;1.00;0.00;-0.00;-0.00;633;639;684;-0.6897221;-1.065378;2.255235;359.9299;181.7082;162.6978;349.1818;40.29411;18.57896;Normal;0.004431069;0.5396305
SceneName;1.00;0.00;-0.00;-0.00;633;640;684;-0.6897221;-1.065378;2.255235;359.9299;181.7082;162.6978;349.4546;40.91177;18.57896;Normal;0.004458904;0.5440894
SceneName;1.00;0.00;-0.00;-0.00;634;639;684;-0.6897221;-1.065378;2.255235;359.9299;181.7082;162.6978;349.4546;40.29411;18.57896;Normal;0.004913807;0.5490032
SceneName;1.00;0.00;-0.00;-0.00;632;640;684;-0.6897221;-1.065378;2.255235;359.9299;181.7082;162.6978;349.7273;40.91177;18.57896;Normal;0.005002618;0.5540059
SceneName;1.00;0.00;-0.00;-0.00;633;639;683;-0.6897221;-1.065378;2.255235;359.9299;181.7082;162.6978;349.1818;40.29411;18.57896;Normal;0.004434109;0.55844
SceneName;1.00;0.00;-0.00;-0.00;633;639;684;-0.6897221;-1.065378;2.255235;359.9299;181.7082;162.6978;349.4546;40.91177;19.13157;Normal;0.004396379;0.5628363
SceneName;1.00;0.00;-0.00;-0.00;634;640;684;-0.6897221;-1.065378;2.255235;359.9299;181.7082;162.6978;349.4546;40.91177;18.57896;Normal;0.005015016;0.5678514
SceneName;1.00;0.00;-0.00;-0.00;633;639;684;-0.6897221;-1.065378;2.255235;359.9299;181.7082;162.6978;349.7273;40.29411;18.57896;Normal;0.004482865;0.5723342
SceneName;1.00;0.00;-0.00;-0.00;632;641;684;-0.6897221;-1.065378;2.255235;359.9299;181.7082;162.6978;349.4546;40.91177;18.57896;Normal;0.004466414;0.5768006
SceneName;1.00;0.01;-0.00;-0.00;632;639;685;-0.6897221;-1.065378;2.255235;359.9299;181.7082;162.6978;349.1818;39.67648;18.57896;Normal;0.004464269;0.5812649
SceneName;1.00;0.01;-0.00;-0.00;633;640;685;-0.6772859;-1.109038;2.239488;358.8269;181.9884;162.5607;349.1818;40.91177;18.02633;Normal;0.005053759;0.5863187
SceneName;1.00;0.01;-0.00;-0.00;633;639;684;-0.6772859;-1.109038;2.239488;358.8269;181.9884;162.5607;349.4546;40.29411;18.02633;Normal;0.004725695;0.5910444
SceneName;1.00;0.01;-0.00;-0.00;633;640;685;-0.6772859;-1.109038;2.239488;358.8269;181.9884;162.5607;349.4546;40.91177;18.57896;Normal;0.008064389;0.5991088
SceneName;1.00;0.01;-0.00;0.00;632;640;684;-0.6772859;-1.109038;2.239488;358.8269;181.9884;162.5607;349.4546;40.29411;18.02633;Normal;0.004791498;0.6039003
SceneName;1.00;0.01;-0.00;0.00;634;641;685;-0.6772859;-1.109038;2.239488;358.8269;181.9884;162.5607;349.1818;40.29411;18.57896;Normal;0.004923284;0.6088235
SceneName;1.00;0.01;-0.00;0.00;633;639;685;-0.6772859;-1.109038;2.239488;358.8269;181.9884;162.5607;349.7273;39.67648;18.02633;Normal;0.004469514;0.6132931
SceneName;1.00;0.01;-0.00;0.00;634;641;684;-0.6772859;-1.109038;2.239488;358.8269;181.9884;162.5607;349.4546;40.91177;18.02633;Normal;0.004319668;0.6176127
SceneName;1.00;0.01;-0.00;0.00;633;640;684;-0.6772859;-1.109038;2.239488;358.8269;181.9884;162.5607;349.7273;39.67648;18.57896;Normal;0.004299343;0.6219121
SceneName;1.00;0.01;-0.00;0.00;634;641;684;-0.6772859;-1.109038;2.239488;358.8269;181.9884;162.5607;349.4546;40.29411;18.57896;Normal;0.004851401;0.6267635
SceneName;1.00;0.01;-0.00;0.00;634;640;684;-0.6772859;-1.109038;2.239488;358.8269;181.9884;162.5607;349.7273;39.67648;18.57896;Normal;0.004581571;0.631345
SceneName;1.00;0.01;-0.00;0.00;633;640;685;-0.6772859;-1.109038;2.239488;358.8269;181.9884;162.5607;349.7273;40.29411;18.57896;Normal;0.004624307;0.6359693
SceneName;1.00;0.01;-0.00;0.00;634;640;684;-0.6772859;-1.109038;2.239488;358.8269;181.9884;162.5607;349.4546;40.29411;18.02633;Normal;0.004307687;0.640277
SceneName;1.00;0.01;-0.00;0.00;634;639;685;-0.6772859;-1.109038;2.239488;358.8269;181.9884;162.5607;349.7273;40.29411;18.57896;Normal;0.004963815;0.6452408
SceneName;1.00;0.01;-0.00;0.00;633;640;685;-0.6772859;-1.109038;2.239488;358.8269;181.9884;162.5607;349.7273;40.91177;18.02633;Normal;0.004542172;0.649783
SceneName;1.00;0.01;-0.00;0.00;633;640;685;-0.6772859;-1.109038;2.239488;358.8269;181.9884;162.5607;349.4546;40.29411;18.02633;Normal;0.004439712;0.6542227
SceneName;1.00;0.01;-0.00;0.00;634;639;685;-0.6772859;-1.109038;2.239488;358.8269;181.9884;162.5607;349.4546;40.29411;18.02633;Normal;0.004354537;0.6585773
SceneName;1.00;0.01;-0.00;0.00;633;639;685;-0.6772859;-1.109038;2.239488;358.8269;181.9884;162.5607;349.7273;40.91177;18.02633;Normal;0.004350364;0.6629276
SceneName;1.00;0.01;-0.00;0.00;633;640;685;-0.6772859;-1.109038;2.239488;358.8269;181.9884;162.5607;349.4546;40.91177;18.02633;Normal;0.004646301;0.6675739
SceneName;1.00;0.00;-0.00;0.00;633;640;684;-0.6772859;-1.109038;2.239488;358.8269;181.9884;162.5607;349.4546;40.29411;18.02633;Normal;0.004383206;0.6719571
SceneName;1.00;0.00;-0.00;0.00;633;640;685;-0.6897221;-1.065378;2.255235;359.9299;181.7082;162.6978;349.4546;40.29411;18.57896;Normal;0.004416704;0.6763738
SceneName;1.00;0.00;-0.00;-0.00;633;639;685;-0.6897221;-1.065378;2.255235;359.9299;181.7082;162.6978;349.4546;40.29411;18.02633;Normal;0.004360497;0.6807343
SceneName;1.00;0.01;-0.00;-0.00;634;640;686;-0.6897221;-1.065378;2.255235;359.9299;181.7082;162.6978;349.4546;40.91177;18.02633;Normal;0.004727423;0.6854618
SceneName;1.00;0.00;-0.00;-0.00;633;641;686;-0.6772859;-1.109038;2.239488;358.8269;181.9884;162.5607;349.7273;40.29411;17.47368;Normal;0.004179657;0.6896414
SceneName;1.00;0.01;-0.00;-0.00;633;642;689;-0.6897221;-1.065378;2.255235;359.9299;181.7082;162.6978;349.4546;39.67648;17.47368;Normal;0.004737914;0.6943793
SceneName;1.00;0.01;-0.00;-0.00;633;643;688;-0.6772859;-1.109038;2.239488;358.8269;181.9884;162.5607;349.4546;39.05883;15.8158;Normal;0.004331589;0.6987109
SceneName;1.00;0.01;-0.00;-0.00;633;642;690;-0.6772859;-1.109038;2.239488;358.8269;181.9884;162.5607;349.4546;38.44118;16.36842;Normal;0.007080615;0.7057915
SceneName;1.00;0.01;-0.00;-0.01;633;645;692;-0.6772859;-1.109038;2.239488;358.8269;181.9884;162.5607;349.4546;39.05883;15.26316;Normal;0.005307198;0.7110987
SceneName;1.00;0.01;-0.00;-0.01;633;645;694;-0.6307064;-1.102105;2.256519;359.1403;183.0311;162.1847;349.4546;37.20589;14.1579;Normal;0.004144132;0.7152429
SceneName;1.00;0.00;-0.01;-0.01;633;646;695;-0.6307064;-1.102105;2.256519;359.1403;183.0311;162.1847;349.4546;37.20589;13.05262;Normal;0.005464256;0.7207071
SceneName;1.00;0.00;-0.01;-0.01;633;646;696;-0.6459795;-1.045768;2.276873;0.1966975;183.1409;163.4079;349.4546;36.58824;12.50001;Normal;0.005179942;0.7258871
SceneName;1.00;0.00;-0.01;-0.01;634;648;698;-0.6459795;-1.045768;2.276873;0.1966975;183.1409;163.4079;349.4546;36.58824;11.94738;Normal;0.004336774;0.7302238
SceneName;1.00;0.00;-0.01;-0.02;633;649;698;-0.6459795;-1.045768;2.276873;0.1966975;183.1409;163.4079;349.7273;35.35293;10.8421;Normal;0.004502237;0.7347261
SceneName;1.00;0.00;-0.01;-0.02;632;652;700;-0.5990715;-1.038758;2.292895;0.5057622;184.1813;163.0474;349.4546;34.73529;10.8421;Normal;0.007766247;0.7424923
SceneName;1.00;-0.00;-0.01;-0.02;633;654;703;-0.5990715;-1.038758;2.292895;0.5057622;184.1813;163.0474;349.1818;32.88236;9.736855;Normal;0.009780109;0.7522724
SceneName;1.00;-0.00;-0.01;-0.03;632;655;703;-0.5990715;-1.038758;2.292895;0.5057622;184.1813;163.0474;349.4546;31.64706;8.078948;Normal;0.005904615;0.758177
SceneName;1.00;-0.01;-0.01;-0.03;632;657;708;-0.5519466;-1.031361;2.30802;0.8211824;185.2193;162.6927;349.1818;31.02942;8.078948;Normal;0.005605698;0.7637827
SceneName;1.00;-0.01;-0.01;-0.04;631;658;709;-0.5640447;-0.9868869;2.322887;1.919735;184.9435;162.856;349.1818;29.79411;5.315795;Normal;0.005458891;0.7692416
SceneName;1.00;-0.02;-0.00;-0.05;630;659;713;-0.5167702;-0.9790148;2.337141;2.238589;185.9765;162.5163;348.9091;29.17647;4.763151;Normal;0.004808903;0.7740505
SceneName;1.00;-0.03;0.00;-0.05;630;660;714;-0.4801552;-0.9369472;2.360779;3.731108;186.3033;161.2715;348.6364;28.55882;2.552628;Normal;0.004817426;0.778868
SceneName;1.00;-0.03;0.01;-0.06;629;661;716;-0.4928571;-0.8919145;2.373939;4.82305;186.0183;161.4375;348.6364;27.94118;1.999997;Normal;0.004692554;0.7835605
SceneName;1.00;-0.04;0.01;-0.06;627;665;718;-0.4444744;-0.8935179;2.383132;5.228254;186.5977;160.0344;348.3636;27.32354;0.8947361;Normal;0.005501747;0.7890623
SceneName;1.00;-0.05;0.02;-0.07;627;668;718;-0.4577196;-0.8483487;2.395463;6.315238;186.3031;160.1988;347.8182;24.85293;359.7895;Normal;0.004835904;0.7938982
SceneName;0.99;-0.06;0.03;-0.08;628;673;720;-0.4235781;-0.8035506;2.415657;7.809913;186.5558;158.9662;347.8182;23;359.7895;Normal;0.004533768;0.7984319
SceneName;0.99;-0.06;0.04;-0.09;627;679;721;-0.3875638;-0.7542435;2.435894;9.401586;186.8234;157.6929;348.0909;19.91176;358.6842;Normal;0.00543803;0.80387
SceneName;0.99;-0.07;0.06;-0.09;627;686;724;-0.34025;-0.7524661;2.443585;9.832167;187.3383;156.3008;347.8182;16.20589;358.1316;Normal;0.005213499;0.8090835
SceneName;0.99;-0.08;0.07;-0.10;627;690;726;-0.3559058;-0.7270783;2.44809;11.00508;185.9996;154.2004;347.8182;11.88235;356.4737;Normal;0.004802585;0.813886
SceneName;0.99;-0.09;0.09;-0.11;626;698;719;-0.3256553;-0.6780812;2.464643;12.50276;186.1231;152.9555;347.8182;9.411763;355.3684;Normal;0.005343914;0.81923
SceneName;0.98;-0.10;0.11;-0.12;627;704;718;-0.2974609;-0.637967;2.477518;14.01562;185.6756;150.5718;347.5454;4.470586;359.2368;Normal;0.004834592;0.8240646
SceneName;0.98;-0.11;0.13;-0.12;627;710;740;-0.2675993;-0.5912501;2.49086;15.65628;185.1789;148.0332;347.8182;0.7647167;359.7895;Normal;0.005460799;0.8295254
SceneName;0.97;-0.11;0.15;-0.13;627;716;746;-0.2887794;-0.565878;2.493419;16.66836;183.6348;145.819;347.8182;357.0588;347.6316;Normal;0.005272567;0.8347979
SceneName;0.97;-0.12;0.17;-0.14;626;723;753;-0.2418931;-0.5613409;2.499364;17.22267;183.4383;143.0928;347.8182;353.3529;344.3158;Normal;0.004741251;0.8395392
SceneName;0.96;-0.12;0.19;-0.14;627;730;758;-0.2201548;-0.5169994;2.509345;18.61471;182.7522;140.6229;347.5454;349.0294;340.4474;Normal;0.004698873;0.844238
SceneName;0.96;-0.13;0.22;-0.14;627;736;760;-0.2188033;-0.5291092;2.507381;18.64156;181.542;138.0495;347.8182;344.7059;337.6842;Normal;0.005591571;0.8498296
SceneName;0.95;-0.14;0.24;-0.15;628;739;764;-0.2444656;-0.5144761;2.507474;19.31348;179.2616;134.6016;347.8182;341;336.5789;Normal;0.004832149;0.8546618
SceneName;0.94;-0.14;0.26;-0.15;629;743;765;-0.2242351;-0.4619609;2.517678;20.73051;178.3474;131.7692;348.0909;339.1471;334.3684;Normal;0.004682302;0.8593441
SceneName;0.94;-0.15;0.28;-0.15;631;744;766;-0.2232218;-0.4738218;2.516001;20.58116;177.0626;129.1133;348.3636;336.6765;333.8158;Normal;0.004687905;0.864032
SceneName;0.93;-0.16;0.30;-0.15;633;745;767;-0.2507738;-0.4518756;2.516582;21.15183;175.2815;126.7895;348.9091;336.0588;333.2632;Normal;0.004983783;0.8690158
SceneName;0.92;-0.16;0.31;-0.15;636;746;769;-0.2769326;-0.4235682;2.517659;21.82389;173.3377;124.0611;349.4546;335.4412;332.7105;Normal;0.004356384;0.8733721
SceneName;0.92;-0.17;0.33;-0.15;637;747;751;-0.275755;-0.4260893;2.517459;21.74946;172.5962;122.5025;350.2727;334.8235;331.6053;Normal;0.004509211;0.8778813
SceneName;0.91;-0.18;0.34;-0.16;639;749;745;-0.3048642;-0.4069403;2.516491;22.13083;170.7803;120.1688;350.5454;334.2059;341.5526;Normal;0.004745483;0.8826268
SceneName;0.90;-0.18;0.35;-0.16;640;749;743;-0.2927569;-0.3429711;2.525074;23.52237;170.1372;118.2277;351.0909;332.9706;344.8684;Normal;0.005229115;0.8878559
SceneName;0.90;-0.19;0.36;-0.16;641;750;742;-0.2926098;-0.3451902;2.524872;23.38064;169.354;116.6178;351.3636;332.9706;345.9737;Normal;0.004501998;0.8923579
SceneName;0.89;-0.19;0.37;-0.16;642;751;741;-0.3231769;-0.3172636;2.523678;23.94048;168.0536;115.3755;351.6364;332.3529;346.5263;Normal;0.004628181;0.8969861
SceneName;0.89;-0.20;0.38;-0.17;644;751;742;-0.3234742;-0.3197454;2.52342;23.75583;167.2575;113.7495;351.9091;331.7353;347.0789;Normal;0.007751644;0.9047378
SceneName;0.89;-0.20;0.38;-0.17;643;750;742;-0.3157315;-0.2639526;2.528742;24.90591;166.7286;112.2353;352.4546;331.7353;346.5263;Normal;0.007641852;0.9123796
SceneName;0.88;-0.20;0.39;-0.17;645;750;744;-0.3157315;-0.2639526;2.528742;24.90591;166.7286;112.2353;352.1818;332.3529;346.5263;Normal;0.004696429;0.9170761
SceneName;0.88;-0.20;0.39;-0.17;645;749;750;-0.3166439;-0.2660716;2.528485;24.68909;165.9166;110.5883;352.7273;332.3529;345.4211;Normal;0.004948378;0.9220244
SceneName;0.88;-0.21;0.39;-0.18;647;748;754;-0.3166439;-0.2660716;2.528485;24.68909;165.9166;110.5883;352.7273;332.9706;342.1053;Normal;0.005108237;0.9271327
SceneName;0.88;-0.21;0.39;-0.18;649;744;753;-0.30933;-0.1989884;2.532991;26.18878;165.8931;110.1435;353.2727;333.5882;339.8947;Normal;0.004472971;0.9316056
SceneName;0.87;-0.22;0.39;-0.18;653;740;750;-0.30933;-0.1989884;2.532991;26.18878;165.8931;110.1435;353.8182;336.0588;340.4474;Normal;0.00463742;0.9362431
SceneName;0.87;-0.22;0.39;-0.19;658;736;768;-0.3411847;-0.1516607;2.530253;27.19219;164.7918;109.3577;354.9091;338.5294;342.1053;Normal;0.00439769;0.9406407
SceneName;0.87;-0.23;0.39;-0.19;663;730;765;-0.3025855;-0.1218179;2.535698;27.85093;165.5621;109.0989;356.2727;341;332.1579;Normal;0.00479418;0.9454349
SceneName;0.87;-0.24;0.38;-0.20;667;725;737;-0.3340454;-0.08475471;2.531716;28.68149;164.7355;108.8858;357.6364;344.7059;333.8158;Normal;0.004385412;0.9498203
SceneName;0.87;-0.26;0.36;-0.21;669;718;761;-0.3238372;-0.005970955;2.531334;30.5736;165.2689;109.5341;358.7273;347.7941;349.2895;Normal;0.004439414;0.9542598
SceneName;0.87;-0.27;0.34;-0.22;668;713;758;-0.3383008;0.1221992;2.521217;33.69903;165.6543;111.1393;359.2727;352.1176;336.0263;Normal;0.004375875;0.9586356
SceneName;0.88;-0.28;0.32;-0.22;670;710;756;-0.3184496;0.2131462;2.513993;35.97623;167.0109;113.1069;359;355.2059;337.6842;Normal;0.004678786;0.9633144
SceneName;0.89;-0.29;0.28;-0.22;672;706;755;-0.3338398;0.2630088;2.505098;37.32986;168.009;115.9611;359.5454;357.0588;338.7895;Normal;0.004859328;0.9681737
SceneName;0.89;-0.30;0.25;-0.23;671;701;752;-0.3319026;0.338973;2.492923;39.31394;170.7487;121.5346;0.0909091;359.5294;339.3421;Normal;0.00441128;0.972585
SceneName;0.90;-0.31;0.21;-0.23;670;700;749;-0.2918012;0.4394288;2.47788;41.68682;173.5525;125.3983;359.8182;2.617651;341;Normal;0.00486201;0.977447
SceneName;0.91;-0.31;0.18;-0.23;669;694;746;-0.277442;0.5120928;2.462281;43.24271;176.937;131.5414;359.5454;3.235292;342.6579;Normal;0.00460583;0.9820529
SceneName;0.91;-0.31;0.14;-0.23;668;688;706;-0.2456668;0.5316869;2.460675;43.41014;180.1501;136.4717;359.2727;6.941175;344.3158;Normal;0.004833758;0.9868866
SceneName;0.92;-0.31;0.10;-0.23;668;682;693;-0.1996298;0.5763294;2.452802;43.8847;184.3185;142.6805;359;10.64707;6.421056;Normal;0.004491627;0.9913782
SceneName;0.92;-0.30;0.07;-0.23;670;676;733;-0.1524079;0.6007533;2.44926;43.59537;188.5855;149.163;359;14.35294;13.60527;Normal;0.004638493;0.9960167
SceneName;0.93;-0.30;0.03;-0.22;671;673;731;-0.09421629;0.5873003;2.456132;42.47128;192.1012;153.7669;359.5454;18.05883;351.5;Normal;0.004422903;1.00044
SceneName;0.93;-0.29;-0.01;-0.21;671;674;730;-0.09044081;0.5911142;2.455184;41.29466;194.9063;159.8336;359.8182;19.91176;352.6053;Normal;0.00473392;1.005174
SceneName;0.94;-0.29;-0.04;-0.20;671;674;729;-0.06549901;0.5675582;2.462635;39.28036;197.8358;165.5003;359.8182;19.29412;353.1579;Normal;0.004434705;1.009608
SceneName;0.94;-0.28;-0.07;-0.19;670;672;727;-0.07616609;0.563069;2.46356;37.97849;199.2049;169.6325;359.8182;19.29412;353.7105;Normal;0.004387498;1.013996
SceneName;0.94;-0.28;-0.10;-0.18;671;672;724;-0.06798416;0.5306222;2.472483;35.92879;200.7514;173.4782;359.5454;20.52943;354.8158;Normal;0.004480362;1.018476
SceneName;0.94;-0.28;-0.11;-0.18;672;671;723;-0.07307351;0.542486;2.469215;34.83242;202.0567;177.5117;359.8182;20.52943;356.4737;Normal;0.004585266;1.023061
SceneName;0.94;-0.28;-0.13;-0.17;671;670;721;-0.05920315;0.548669;2.467944;34.50763;202.8366;178.8356;0.0909091;21.14707;357.0263;Normal;0.004888654;1.02795
SceneName;0.94;-0.28;-0.13;-0.17;673;669;721;-0.07736832;0.5545934;2.465834;33.66751;203.2459;181.451;359.8182;21.76471;358.1316;Normal;0.00449276;1.032443
SceneName;0.93;-0.28;-0.14;-0.17;676;669;720;-0.07736832;0.5545934;2.465834;33.66751;203.2459;181.451;0.3636364;22.38236;358.1316;Normal;0.004493952;1.036937
SceneName;0.93;-0.28;-0.14;-0.17;678;668;721;-0.05541164;0.5756412;2.460637;33.59375;204.3051;183.0391;1.181818;22.38236;358.6842;Normal;0.004346132;1.041283
SceneName;0.93;-0.29;-0.14;-0.17;680;670;720;-0.05541164;0.5756412;2.460637;33.59375;204.3051;183.0391;1.727273;23;358.1316;Normal;0.004866719;1.04615
SceneName;0.93;-0.30;-0.14;-0.17;683;668;719;-0.06474978;0.6206682;2.447327;34.63356;204.3364;183.4179;2.272727;21.76471;358.6842;Normal;0.004624844;1.050774
SceneName;0.93;-0.30;-0.14;-0.18;683;670;720;-0.07410121;0.6651554;2.433228;35.66717;204.3762;183.8;3.090909;23;359.2368;Normal;0.007757545;1.058532
SceneName;0.92;-0.31;-0.14;-0.18;686;669;719;-0.02817172;0.6701183;2.432615;35.79434;205.5028;183.8144;3.090909;21.76471;358.6842;Normal;0.004400373;1.062932
SceneName;0.92;-0.32;-0.14;-0.18;690;670;719;-0.02978331;0.7303653;2.412274;37.12278;205.9175;184.5552;3.909091;22.38236;359.2368;Normal;0.00504899;1.067981
SceneName;0.92;-0.33;-0.15;-0.18;691;670;719;-0.03954065;0.7739264;2.396363;38.14535;205.9875;184.9676;5;21.76471;359.2368;Normal;0.00468719;1.072669
SceneName;0.91;-0.33;-0.15;-0.17;694;670;719;-0.03258711;0.8217719;2.378091;38.74979;206.8846;186.7363;5.272727;21.76471;359.2368;Normal;0.004673362;1.077342
SceneName;0.91;-0.34;-0.16;-0.17;696;669;718;-0.06995642;0.8345574;2.372163;38.96877;206.1195;187.0704;6.090909;21.76471;359.2368;Normal;0.004497409;1.081839
SceneName;0.91;-0.35;-0.16;-0.16;698;669;718;-0.06159854;0.8820912;2.352701;39.55786;207.0579;188.8683;6.636364;22.38236;359.7895;Normal;0.00510788;1.086947
SceneName;0.91;-0.35;-0.17;-0.16;701;670;717;-0.1155023;0.9203542;2.333915;40.48844;206.0229;189.2465;7.181818;22.38236;359.7895;Normal;0.004506946;1.091454
SceneName;0.90;-0.36;-0.18;-0.15;701;669;687;-0.09748656;0.9253556;2.332515;40.05305;206.8519;190.6091;7.999999;21.76471;0.3421055;Normal;0.004468441;1.095923
SceneName;0.90;-0.37;-0.18;-0.14;702;668;678;-0.1237079;0.9862944;2.302863;40.86479;207.0957;192.8147;7.999999;22.38236;16.92105;Normal;0.004652858;1.100575
SceneName;0.90;-0.38;-0.18;-0.13;703;669;668;-0.1760057;1.024403;2.280576;41.82072;206.098;193.2025;8.272727;23;21.89473;Normal;0.004828691;1.105404
SceneName;0.90;-0.39;-0.18;-0.12;702;668;717;-0.2276695;1.06179;2.256613;42.77717;205.0984;193.5719;8.545456;22.38236;27.42105;Normal;0.007071853;1.112476
SceneName;0.89;-0.39;-0.18;-0.11;702;668;715;-0.2786467;1.09842;2.231026;43.73347;204.0965;193.9223;8.272727;23;0.3421055;Normal;0.004818201;1.117294
SceneName;0.89;-0.40;-0.18;-0.11;703;669;716;-0.315957;1.114262;2.217134;44.04869;203.3094;194.307;8.272727;23;1.44738;Normal;0.004867673;1.122162
SceneName;0.89;-0.41;-0.18;-0.09;703;669;717;-0.3219855;1.153084;2.194024;45.04731;203.5264;194.7655;8.545456;22.38236;0.8947361;Normal;0.004864216;1.127026
SceneName;0.89;-0.42;-0.18;-0.08;704;669;717;-0.4155388;1.185278;2.158582;45.98331;201.2737;194.9337;8.545456;22.38236;0.3421055;Normal;0.004489422;1.131516
SceneName;0.89;-0.42;-0.18;-0.07;703;671;718;-0.4640364;1.219478;2.127109;46.94711;200.2498;195.2151;8.818182;22.38236;0.3421055;Normal;0.004399896;1.135915
SceneName;0.89;-0.43;-0.17;-0.06;703;672;718;-0.5072525;1.216333;2.118984;46.91894;198.9965;195.0504;8.545456;21.14707;359.7895;Normal;0.004120827;1.140036
SceneName;0.88;-0.43;-0.17;-0.05;701;671;720;-0.5764452;1.240656;2.084965;48.27277;196.9077;193.7288;8.545456;20.52943;359.7895;Normal;0.005194306;1.145231
SceneName;0.88;-0.44;-0.17;-0.04;700;672;722;-0.6142131;1.25641;2.063361;48.64664;196.0119;194.0449;7.999999;21.14707;358.6842;Normal;0.004516959;1.149747
SceneName;0.88;-0.44;-0.17;-0.03;698;675;723;-0.6603124;1.288147;2.026807;49.60677;194.9223;194.2252;7.727272;20.52943;357.5789;Normal;0.004607439;1.154355
SceneName;0.88;-0.45;-0.16;-0.02;698;676;725;-0.7024255;1.284167;2.015048;49.56653;193.6232;194.0126;7.181818;18.67646;357.0263;Normal;0.004568815;1.158924
SceneName;0.88;-0.45;-0.15;-0.01;698;678;728;-0.7699246;1.30374;1.975477;50.86008;191.3385;192.4632;7.181818;18.05883;355.9211;Normal;0.004515171;1.163439
SceneName;0.88;-0.46;-0.14;-0.01;695;681;730;-0.8341524;1.287106;1.960722;51.10645;188.8145;190.51;7.181818;16.82353;354.2632;Normal;0.004919767;1.168359
SceneName;0.88;-0.46;-0.13;-0.00;694;684;732;-0.8597727;1.308609;1.933439;52.38979;187.6804;189.0243;6.363636;14.97058;353.1579;Normal;0.004794955;1.173154
SceneName;0.88;-0.46;-0.11;0.00;693;687;735;-0.923212;1.28955;1.917502;52.54922;185.0519;186.9634;6.090909;13.11765;352.0526;Normal;0.004737854;1.177891
SceneName;0.88;-0.47;-0.09;0.01;692;690;735;-0.9683552;1.261414;1.915361;52.96726;182.3979;183.2946;5.818182;11.26471;350.3947;Normal;0.004829526;1.182721
SceneName;0.88;-0.47;-0.08;0.01;689;696;738;-1.055824;1.256641;1.870849;54.12042;178.2417;179.3582;5.545454;9.411763;350.3947;Normal;0.005098581;1.18782
SceneName;0.88;-0.47;-0.05;0.01;687;699;737;-1.077749;1.240527;1.869939;54.22206;176.8215;177.4329;4.727273;5.705894;348.7368;Normal;0.004571795;1.192391
SceneName;0.88;-0.47;-0.03;0.00;687;701;740;-1.141769;1.189484;1.86778;54.35807;172.51;171.6029;4.181818;3.852933;349.2895;Normal;0.00445509;1.196846
SceneName;0.88;-0.47;0.00;-0.00;683;704;743;-1.143665;1.164041;1.884383;54.56008;170.9155;167.9229;4.181818;2.617651;347.6316;Normal;0.004699349;1.201546
SceneName;0.88;-0.47;0.04;-0.01;681;705;745;-1.202959;1.10802;1.884205;54.30999;166.5799;162.0614;3.090909;0.7647167;345.9737;Normal;0.008282304;1.209828
SceneName;0.88;-0.46;0.08;-0.01;682;710;748;-1.237988;1.041834;1.903195;53.92978;162.1637;154.5374;2.545455;0.1470626;344.8684;Normal;0.004562855;1.214391
SceneName;0.88;-0.45;0.12;-0.02;684;715;751;-1.296708;0.9247469;1.931269;51.90821;157.5028;147.5922;2.818182;357.0588;343.2105;Normal;0.004683495;1.219074
SceneName;0.88;-0.44;0.16;-0.03;689;721;758;-1.307116;0.8198725;1.977696;49.99736;154.4876;141.1792;3.363636;353.9706;341.5526;Normal;0.004514098;1.223589
SceneName;0.88;-0.43;0.19;-0.03;691;727;763;-1.307733;0.7145934;2.024083;47.89462;151.9296;135.1829;4.727273;350.2647;337.6842;Normal;0.005364895;1.228953
SceneName;0.88;-0.41;0.22;-0.04;693;729;767;-1.326764;0.6122986;2.050765;45.63957;149.8106;131.1907;5.272727;346.5588;334.9211;Normal;0.004484534;1.233438
SceneName;0.88;-0.40;0.23;-0.05;693;734;773;-1.285208;0.494583;2.115295;42.95208;149.7064;127.7689;5.818182;345.3235;332.7105;Normal;0.004546881;1.237985
SceneName;0.88;-0.39;0.25;-0.06;691;737;776;-1.237791;0.4580132;2.154098;42.11057;150.581;126.6788;5.818182;342.2353;329.3947;Normal;0.004601598;1.242586
SceneName;0.88;-0.38;0.26;-0.06;690;741;780;-1.195481;0.4007977;2.192605;40.78501;150.6777;124.2608;5.272727;340.3824;327.7368;Normal;0.004767418;1.247354
SceneName;0.88;-0.37;0.27;-0.07;689;744;783;-1.182645;0.3430008;2.212367;39.43412;150.7383;123.4056;5;337.9118;325.5263;Normal;0.004506707;1.251861
SceneName;0.88;-0.36;0.28;-0.08;690;745;785;-1.129596;0.3085885;2.247226;38.62242;151.6698;122.3199;4.727273;336.0588;323.8684;Normal;0.004708409;1.256569
SceneName;0.88;-0.35;0.29;-0.08;689;748;786;-1.074884;0.2750374;2.280404;37.82413;152.6108;121.2291;5;335.4412;322.7632;Normal;0.004807949;1.261377
SceneName;0.88;-0.34;0.31;-0.09;690;748;787;-1.057726;0.2178934;2.297419;36.48126;152.727;120.383;4.727273;333.5882;322.2105;Normal;0.004733682;1.266111
SceneName;0.88;-0.33;0.32;-0.09;688;750;788;-1.004032;0.1666501;2.328497;35.21375;153.0283;118.0833;5;333.5882;321.6579;Normal;0.004681706;1.270792
SceneName;0.88;-0.32;0.33;-0.10;686;751;789;-0.983477;0.1104342;2.343299;33.87959;153.2065;117.2677;4.454545;332.3529;321.1053;Normal;0.0046736;1.275466
SceneName;0.88;-0.31;0.35;-0.10;686;752;790;-0.9229284;0.0806011;2.370844;33.13221;154.2051;116.1769;3.909091;331.7353;320.5526;Normal;0.004426479;1.279892
SceneName;0.87;-0.30;0.37;-0.10;687;753;790;-0.9018244;0.007609129;2.383637;31.32277;153.8316;114.2395;3.909091;331.1176;320;Normal;0.004591823;1.284484
SceneName;0.87;-0.28;0.39;-0.11;688;755;791;-0.8832747;-0.05558515;2.392773;29.65858;153.1158;111.7635;4.181818;330.5;320;Normal;0.004755974;1.28924
SceneName;0.86;-0.27;0.41;-0.11;687;756;792;-0.7904642;-0.1345023;2.425859;27.65121;154.4892;109.9181;4.454545;329.2647;319.4474;Normal;0.004709721;1.29395
SceneName;0.86;-0.26;0.42;-0.12;687;757;793;-0.7650712;-0.195021;2.432513;25.96352;153.9418;107.5101;4.181818;328.6471;318.8947;Normal;0.004488707;1.298439
SceneName;0.85;-0.26;0.44;-0.12;685;757;794;-0.6970627;-0.2166944;2.452336;25.3152;155.0495;106.425;4.181818;328.0294;318.3421;Normal;0.006348133;1.304787
SceneName;0.85;-0.25;0.45;-0.12;685;758;795;-0.6988786;-0.2388574;2.450629;24.40507;153.7622;103.7894;3.636364;328.0294;317.7895;Normal;0.005127788;1.309915
SceneName;0.84;-0.24;0.47;-0.13;682;758;794;-0.6657054;-0.288883;2.456635;23.12243;154.1871;103.076;3.636364;327.4117;317.2368;Normal;0.0190624;1.328977
SceneName;0.83;-0.24;0.49;-0.13;682;756;794;-0.5970386;-0.3126177;2.472616;22.08745;154.5627;100.3945;2.818182;327.4117;317.7895;Normal;0.00609386;1.335071
SceneName;0.82;-0.23;0.51;-0.14;681;757;793;-0.5957095;-0.332389;2.471127;21.11489;153.428;97.86205;2.818182;328.6471;317.7895;Normal;0.009236932;1.344308
SceneName;0.81;-0.22;0.53;-0.14;681;755;792;-0.5248945;-0.3511897;2.485594;20.08428;153.9032;95.22096;2.545455;328.0294;318.3421;Normal;0.009303451;1.353611
SceneName;0.80;-0.21;0.54;-0.14;678;753;790;-0.4862745;-0.4014926;2.487903;18.34526;153.7743;92.98734;2.545455;329.2647;318.8947;Normal;0.008001566;1.361613
SceneName;0.79;-0.20;0.56;-0.14;677;750;788;-0.4487149;-0.4385496;2.49024;17.10741;154.0208;91.63313;1.727273;330.5;320;Normal;0.01439619;1.376009
SceneName;0.78;-0.19;0.58;-0.14;674;747;785;-0.4060698;-0.4856881;2.490713;15.3635;154.0088;89.42657;1.454546;332.3529;321.1053;Normal;0.0090276;1.385037
SceneName;0.77;-0.17;0.60;-0.14;671;743;783;-0.3613962;-0.5306762;2.490214;13.62497;154.0659;87.24336;0.6363637;334.2059;322.7632;Normal;0.00498867;1.390025
SceneName;0.76;-0.17;0.61;-0.14;667;739;780;-0.2756541;-0.6027735;2.487615;11.22292;155.1107;85.23322;359.8182;336.6765;323.8684;Normal;0.01586163;1.405887
SceneName;0.75;-0.16;0.62;-0.14;662;733;778;-0.2711548;-0.6050342;2.487652;10.66063;154.5992;83.71317;358.7273;339.1471;325.5263;Normal;0.009316683;1.415204
SceneName;0.74;-0.15;0.63;-0.15;658;726;774;-0.2262218;-0.6355277;2.485727;9.42701;155.0401;82.33224;357.3636;342.8529;326.6316;Normal;0.008934021;1.424138
SceneName;0.74;-0.15;0.64;-0.15;655;719;769;-0.1514828;-0.6254455;2.493704;9.020835;156.1078;80.50258;356.2727;347.1765;328.8421;Normal;0.008888125;1.433026
SceneName;0.73;-0.15;0.65;-0.16;652;710;766;-0.1473725;-0.6329256;2.492336;8.5545;155.8996;79.74625;355.4546;351.5;331.6053;Normal;0.004794478;1.43782
SceneName;0.72;-0.15;0.66;-0.16;649;700;761;-0.1146588;-0.5933791;2.502379;8.809067;156.0268;77.80531;354.6364;357.0588;333.2632;Normal;0.01816463;1.455985
SceneName;0.71;-0.15;0.67;-0.17;647;692;755;-0.1100902;-0.5930649;2.502651;8.226933;155.5882;76.2962;353.8182;3.235292;336.0263;Normal;0.008687854;1.464673
SceneName;0.70;-0.15;0.68;-0.18;644;685;750;-0.07908992;-0.5519572;2.51175;8.480268;155.7133;74.35735;353.2727;8.17647;339.3421;Normal;0.004894376;1.469567
SceneName;0.69;-0.15;0.68;-0.18;642;677;745;-0.04929787;-0.5099338;2.519869;8.736971;155.8295;72.42277;352.4546;12.50001;342.1053;Normal;0.01675403;1.486321
SceneName;0.69;-0.15;0.68;-0.19;640;671;740;-0.04896204;-0.501148;2.521318;8.613995;155.5855;71.6078;351.9091;17.44118;344.8684;Normal;0.005279541;1.491601
SceneName;0.68;-0.16;0.69;-0.20;638;664;735;-0.02328354;-0.4596202;2.528076;9.479051;156.1081;71.18073;351.3636;21.14707;347.6316;Normal;0.01434183;1.505942
SceneName;0.67;-0.17;0.69;-0.20;637;657;729;-0.0388843;-0.3921901;2.536734;10.28951;155.1954;69.12046;350.8182;25.47058;350.3947;Normal;0.01190555;1.517848
SceneName;0.67;-0.17;0.69;-0.21;637;649;723;-0.08307123;-0.3588215;2.539346;10.70292;153.924;68.14522;350.5454;29.79411;353.7105;Normal;0.006800771;1.524649
SceneName;0.66;-0.17;0.69;-0.22;636;643;718;-0.05812573;-0.3167942;2.544063;11.57249;154.4145;67.71553;350.5454;34.73529;357.0263;Normal;0.01158237;1.536231
SceneName;0.66;-0.18;0.69;-0.22;636;638;713;-0.03473516;-0.2642564;2.548508;12.32569;154.6234;66.43019;350.2727;38.44118;359.7895;Normal;0.008499742;1.544731
SceneName;0.66;-0.18;0.69;-0.23;635;632;709;-0.07846585;-0.2410157;2.548938;12.84343;153.593;66.27763;350.2727;41.52942;2.552628;Normal;0.009442449;1.554173
SceneName;0.66;-0.18;0.69;-0.23;634;627;704;-0.05372058;-0.1989062;2.551612;13.7153;154.0633;65.85344;350;45.23529;4.763151;Normal;0.009043217;1.563217
SceneName;0.66;-0.18;0.69;-0.24;634;622;697;-0.05372058;-0.1989062;2.551612;13.7153;154.0633;65.85344;349.7273;48.32353;7.526318;Normal;0.004760623;1.567977
SceneName;0.66;-0.18;0.69;-0.25;638;617;692;-0.02905726;-0.15696;2.553326;14.58647;154.5266;65.43695;349.7273;51.41176;11.39473;Normal;0.01791048;1.585888
SceneName;0.66;-0.17;0.68;-0.25;643;614;688;-0.004489422;-0.1151997;2.554093;15.45668;154.983;65.02802;350.8182;54.5;14.1579;Normal;0.00916338;1.595051
SceneName;0.67;-0.17;0.68;-0.26;647;612;685;0.03907776;-0.1286746;2.553674;15.48912;156.2094;65.8636;352.1818;56.35296;16.36842;Normal;0.008945107;1.603996
SceneName;0.67;-0.17;0.67;-0.26;654;611;684;0.06589808;-0.09939623;2.553276;16.44271;156.9631;66.3556;353.2727;57.58823;18.02633;Normal;0.009194613;1.613191
SceneName;0.67;-0.16;0.67;-0.27;659;609;682;0.06655405;-0.08997381;2.553238;16.97724;157.173;67.03933;355.1818;58.20588;18.57896;Normal;0.004840255;1.618031
SceneName;0.68;-0.15;0.67;-0.28;667;609;679;0.1350851;-0.07245839;2.550345;17.33057;158.6837;66.83916;356.5454;59.44118;19.68421;Normal;0.01799357;1.636025
SceneName;0.68;-0.15;0.66;-0.28;676;607;676;0.2044539;-0.06862116;2.545585;17.72662;160.4753;67.53497;358.7273;59.44118;21.34211;Normal;0.008840799;1.644865
SceneName;0.68;-0.15;0.65;-0.29;689;607;674;0.2063658;-0.06003833;2.545305;18.24562;160.7281;68.24897;1.181818;60.67648;23;Normal;0.009357691;1.654223
SceneName;0.69;-0.15;0.65;-0.29;704;609;673;0.234137;-0.01070726;2.541574;19.64086;161.4691;68.62929;4.727273;60.67648;24.10528;Normal;0.008980155;1.663203
SceneName;0.69;-0.16;0.64;-0.30;721;611;672;0.235057;-0.02494562;2.541956;19.65226;161.7621;69.51572;8.818182;59.44118;24.65789;Normal;0.008059382;1.671263
SceneName;0.69;-0.16;0.63;-0.30;734;612;674;0.2213079;0.04866242;2.53991;21.57931;161.485;69.72868;13.45455;58.20588;25.21053;Normal;0.01440811;1.685671
SceneName;0.70;-0.17;0.63;-0.30;742;615;676;0.2244409;0.05783117;2.539065;22.11489;161.7884;70.48873;17;57.58823;24.10528;Normal;0.004845262;1.690516
SceneName;0.70;-0.17;0.62;-0.31;747;618;676;0.1836486;0.06866133;2.541698;22.65356;161.057;71.16386;19.18182;55.73529;23;Normal;0.01553118;1.706047
SceneName;0.70;-0.18;0.62;-0.31;751;623;680;0.2138655;0.1171975;2.535522;24.03907;161.865;71.60943;20.54545;53.88237;23;Normal;0.008750439;1.714798
SceneName;0.70;-0.19;0.61;-0.31;755;628;683;0.1720828;0.1429029;2.536386;24.5893;160.8073;71.37299;21.63636;50.79412;20.78948;Normal;0.009660959;1.724459
SceneName;0.70;-0.19;0.61;-0.31;757;635;688;0.1341049;0.1789583;2.53494;25.69704;160.0721;71.90707;22.72727;47.70589;19.13157;Normal;0.01176143;1.73622
SceneName;0.70;-0.20;0.61;-0.31;758;643;693;0.1341049;0.1789583;2.53494;25.69704;160.0721;71.90707;23.27273;43.38235;16.36842;Normal;0.006031871;1.742252
SceneName;0.70;-0.20;0.61;-0.31;762;651;699;0.09254627;0.2048712;2.533792;26.24437;159.0013;71.6419;23.54545;38.44118;13.60527;Normal;0.006113291;1.748365
SceneName;0.70;-0.20;0.61;-0.31;765;657;704;0.09254627;0.2048712;2.533792;26.24437;159.0013;71.6419;24.63636;33.5;10.28947;Normal;0.01761079;1.765976
SceneName;0.70;-0.21;0.60;-0.31;766;665;710;0.09254627;0.2048712;2.533792;26.24437;159.0013;71.6419;25.45455;29.79411;7.526318;Normal;0.00475204;1.770728
SceneName;0.71;-0.21;0.60;-0.30;768;674;715;0.05493753;0.2420434;2.530065;27.37042;158.2543;72.1515;25.72727;24.85293;4.210533;Normal;0.01513541;1.785863
SceneName;0.71;-0.22;0.60;-0.30;768;680;722;0.02963012;0.1893528;2.537193;26.52227;158.1474;73.40717;26.27273;19.29412;1.44738;Normal;0.008983374;1.794847
SceneName;0.71;-0.23;0.60;-0.29;771;688;728;-0.01124278;0.2157221;2.534135;27.07511;157.0801;73.12315;26.27273;15.58825;357.5789;Normal;0.009123445;1.80397
SceneName;0.71;-0.24;0.59;-0.29;774;697;734;-0.08065367;0.2041329;2.534297;26.81007;155.5158;73.18903;27.09091;10.64707;354.2632;Normal;0.009475112;1.813445
SceneName;0.72;-0.25;0.59;-0.28;778;705;740;-0.1181725;0.24301;2.527723;27.95882;154.7569;73.66953;27.90909;5.088241;350.9474;Normal;0.007739663;1.821185
SceneName;0.72;-0.26;0.59;-0.27;781;711;743;-0.1834056;0.2186112;2.527011;27.69987;153.6106;74.63268;29;0.1470626;347.6316;Normal;0.01476359;1.835949
SceneName;0.71;-0.28;0.59;-0.27;785;717;745;-0.2526367;0.2078876;2.522268;27.45587;152.0451;74.69643;29.81818;356.4412;345.9737;Normal;0.00888443;1.844833
SceneName;0.71;-0.29;0.59;-0.26;790;722;746;-0.336462;0.2732422;2.503205;28.51471;149.4521;73.1213;30.90909;352.7353;344.8684;Normal;0.004680157;1.849513
SceneName;0.71;-0.30;0.59;-0.26;792;726;749;-0.4052127;0.2619114;2.494495;28.25407;147.8871;73.18506;32.27273;349.6471;344.3158;Normal;0.01636982;1.865883
SceneName;0.70;-0.31;0.59;-0.25;792;729;751;-0.4437366;0.2878557;2.483803;28.77318;146.809;72.82719;32.81818;347.1765;342.6579;Normal;0.009022593;1.874906
SceneName;0.70;-0.32;0.59;-0.25;795;729;755;-0.5187848;0.2877442;2.468935;28.45257;144.7563;71.97428;32.81818;345.3235;341.5526;Normal;0.004279256;1.879185
SceneName;0.70;-0.32;0.59;-0.25;795;732;759;-0.5567971;0.3132426;2.456229;28.95394;143.6685;71.59758;33.63637;345.3235;339.3421;Normal;0.01669466;1.89588
SceneName;0.70;-0.33;0.59;-0.24;797;736;763;-0.5567971;0.3132426;2.456229;28.95394;143.6685;71.59758;33.63637;343.4706;337.1316;Normal;0.005160213;1.90104
SceneName;0.70;-0.33;0.58;-0.24;802;739;765;-0.6241758;0.3011885;2.441691;28.67803;142.115;71.6729;34.18182;341;334.9211;Normal;0.0149473;1.915987
SceneName;0.71;-0.34;0.58;-0.23;806;740;766;-0.6233836;0.3180413;2.439009;29.36478;142.3184;72.37243;35.54546;339.1471;333.8158;Normal;0.004521012;1.920508
SceneName;0.71;-0.34;0.57;-0.23;807;741;767;-0.682475;0.2960811;2.426569;29.17731;141.2864;73.36479;36.63636;338.5294;333.2632;Normal;0.0152148;1.935723
SceneName;0.71;-0.35;0.57;-0.23;809;743;768;-0.681785;0.3133118;2.423831;29.86717;141.4975;74.07537;36.90909;337.9118;332.7105;Normal;0.01145458;1.947177
SceneName;0.70;-0.35;0.57;-0.23;812;746;770;-0.7178323;0.339252;2.408496;30.37102;140.4103;73.66257;37.45454;336.6765;332.1579;Normal;0.00515604;1.952333
SceneName;0.70;-0.36;0.57;-0.23;816;748;773;-0.7263768;0.3496312;2.40392;30.29405;139.8574;72.73003;38.27273;334.8235;331.0526;Normal;0.01403642;1.96637
SceneName;0.70;-0.36;0.57;-0.23;818;749;775;-0.7622331;0.3750975;2.387523;30.78186;138.757;72.30328;39.36363;333.5882;329.3947;Normal;0.01211786;1.978488
SceneName;0.70;-0.36;0.57;-0.23;819;750;776;-0.7622331;0.3750975;2.387523;30.78186;138.757;72.30328;39.9091;332.9706;328.2895;Normal;0.005547523;1.984035
SceneName;0.70;-0.36;0.57;-0.23;821;751;776;-0.7622331;0.3750975;2.387523;30.78186;138.757;72.30328;40.18182;332.3529;327.7368;Normal;0.009552002;1.993587
SceneName;0.70;-0.36;0.57;-0.23;822;752;777;-0.7622331;0.3750975;2.387523;30.78186;138.757;72.30328;40.72727;331.7353;327.7368;Normal;0.004325628;1.997913
SceneName;0.70;-0.36;0.57;-0.24;823;752;778;-0.7622331;0.3750975;2.387523;30.78186;138.757;72.30328;41;331.1176;327.1842;Normal;0.01832438;2.016237
SceneName;0.70;-0.37;0.57;-0.24;825;753;779;-0.7316782;0.4116859;2.389563;31.53321;139.2171;71.81927;41.27273;331.1176;326.6316;Normal;0.008965015;2.025202
SceneName;0.70;-0.37;0.57;-0.24;828;755;781;-0.7671015;0.43656;2.372582;32.00407;138.1068;71.37624;41.81818;330.5;326.0789;Normal;0.009297848;2.0345
SceneName;0.70;-0.37;0.57;-0.24;829;756;782;-0.7671015;0.43656;2.372582;32.00407;138.1068;71.37624;42.63636;329.2647;324.9737;Normal;0.008947611;2.043448
SceneName;0.70;-0.37;0.57;-0.24;832;758;784;-0.7671015;0.43656;2.372582;32.00407;138.1068;71.37624;42.90909;328.6471;324.4211;Normal;0.004829407;2.048277
SceneName;0.70;-0.37;0.57;-0.24;833;758;785;-0.7671015;0.43656;2.372582;32.00407;138.1068;71.37624;43.72727;327.4117;323.3158;Normal;0.01764584;2.065923
SceneName;0.70;-0.36;0.57;-0.25;834;759;787;-0.7671015;0.43656;2.372582;32.00407;138.1068;71.37624;44;327.4117;322.7632;Normal;0.009180546;2.075104
SceneName;0.70;-0.36;0.57;-0.25;834;760;788;-0.7011352;0.4480263;2.390685;32.28424;139.6712;71.34071;44.27273;326.7941;321.6579;Normal;0.009382486;2.084486
SceneName;0.70;-0.36;0.57;-0.25;835;761;789;-0.7011352;0.4480263;2.390685;32.28424;139.6712;71.34071;44.27273;326.1765;321.1053;Normal;0.009885073;2.094371
SceneName;0.70;-0.36;0.57;-0.25;836;761;789;-0.7011352;0.4480263;2.390685;32.28424;139.6712;71.34071;44.54546;325.5588;320.5526;Normal;0.005109072;2.09948
SceneName;0.70;-0.36;0.57;-0.25;837;762;791;-0.7011352;0.4480263;2.390685;32.28424;139.6712;71.34071;44.81818;325.5588;320.5526;Normal;0.01654315;2.116023
SceneName;0.70;-0.36;0.57;-0.25;838;763;792;-0.7011352;0.4480263;2.390685;32.28424;139.6712;71.34071;45.09091;324.9412;319.4474;Normal;0.009446383;2.12547
SceneName;0.70;-0.36;0.57;-0.25;839;764;792;-0.7011352;0.4480263;2.390685;32.28424;139.6712;71.34071;45.36364;324.3235;318.8947;Normal;0.009830713;2.1353
SceneName;0.70;-0.36;0.57;-0.25;838;764;793;-0.7011352;0.4480263;2.390685;32.28424;139.6712;71.34071;45.63637;323.7059;318.8947;Normal;0.01085329;2.146154
SceneName;0.70;-0.36;0.57;-0.26;839;765;792;-0.7011352;0.4480263;2.390685;32.28424;139.6712;71.34071;45.36364;323.7059;318.3421;Normal;0.01142383;2.157578
SceneName;0.70;-0.36;0.57;-0.26;838;765;794;-0.6706223;0.4841018;2.390902;33.03471;140.1195;70.86758;45.63637;323.0883;318.8947;Normal;0.007008076;2.164586
SceneName;0.70;-0.36;0.57;-0.26;840;765;794;-0.6706223;0.4841018;2.390902;33.03471;140.1195;70.86758;45.36364;323.0883;317.7895;Normal;0.009612799;2.174198
SceneName;0.70;-0.36;0.57;-0.26;838;766;795;-0.6706223;0.4841018;2.390902;33.03471;140.1195;70.86758;45.9091;323.0883;317.7895;Normal;0.004523516;2.178722
SceneName;0.69;-0.36;0.57;-0.26;839;765;794;-0.6706223;0.4841018;2.390902;33.03471;140.1195;70.86758;45.36364;322.4706;317.2368;Normal;0.0176692;2.196391
SceneName;0.69;-0.36;0.57;-0.26;838;765;793;-0.6797065;0.4954892;2.385407;32.96258;139.5347;69.89116;45.63637;323.0883;317.7895;Normal;0.008718729;2.20511
SceneName;0.69;-0.36;0.57;-0.26;839;765;793;-0.6797065;0.4954892;2.385407;32.96258;139.5347;69.89116;45.36364;323.0883;318.3421;Normal;0.004720211;2.20983
SceneName;0.69;-0.36;0.57;-0.26;838;764;793;-0.6797065;0.4954892;2.385407;32.96258;139.5347;69.89116;45.63637;323.0883;318.3421;Normal;0.01653838;2.226368
SceneName;0.69;-0.36;0.57;-0.27;837;764;792;-0.6797065;0.4954892;2.385407;32.96258;139.5347;69.89116;45.36364;323.7059;318.3421;Normal;0.009054899;2.235423
SceneName;0.69;-0.36;0.57;-0.27;838;764;791;-0.649234;0.5316492;2.384576;33.71876;139.9716;69.41371;45.09091;323.7059;318.8947;Normal;0.008857489;2.244281
SceneName;0.69;-0.36;0.57;-0.27;837;762;790;-0.649234;0.5316492;2.384576;33.71876;139.9716;69.41371;45.36364;323.7059;319.4474;Normal;0.009194851;2.253476
SceneName;0.69;-0.36;0.57;-0.27;836;761;788;-0.649234;0.5316492;2.384576;33.71876;139.9716;69.41371;45.09091;324.9412;320;Normal;0.004628181;2.258104
SceneName;0.69;-0.36;0.57;-0.27;833;758;787;-0.649234;0.5316492;2.384576;33.71876;139.9716;69.41371;44.81818;325.5588;321.1053;Normal;0.01817894;2.276283
SceneName;0.69;-0.37;0.57;-0.27;832;756;784;-0.649234;0.5316492;2.384576;33.71876;139.9716;69.41371;44;327.4117;321.6579;Normal;0.01238894;2.288672
SceneName;0.69;-0.37;0.57;-0.27;825;754;782;-0.6852066;0.5555645;2.367641;34.16387;138.8258;68.94601;43.72727;328.6471;323.3158;Normal;0.005287647;2.293959
SceneName;0.69;-0.37;0.56;-0.27;819;750;779;-0.6852066;0.5555645;2.367641;34.16387;138.8258;68.94601;41.81818;329.8824;324.4211;Normal;0.009630203;2.30359
SceneName;0.69;-0.38;0.56;-0.27;810;748;775;-0.6823224;0.5739785;2.363206;34.90088;139.0219;69.62482;40.18182;332.3529;326.0789;Normal;0.009257555;2.312847
SceneName;0.68;-0.38;0.56;-0.27;801;743;771;-0.7177286;0.5978315;2.345349;35.34088;137.8616;69.13369;37.72727;333.5882;328.2895;Normal;0.00960207;2.322449
SceneName;0.68;-0.39;0.56;-0.28;789;738;766;-0.7276974;0.60945;2.338639;35.2603;137.2295;68.117;35.27273;336.6765;330.5;Normal;0.009144306;2.331594
SceneName;0.68;-0.39;0.55;-0.28;775;731;760;-0.7321999;0.6679891;2.318217;36.42371;136.4608;67.10767;32;339.7647;333.2632;Normal;0.007078648;2.338672
SceneName;0.68;-0.39;0.55;-0.28;763;721;755;-0.7284634;0.6872306;2.312817;37.18868;136.6369;67.76373;28.18182;344.0883;336.5789;Normal;0.01825452;2.356927
SceneName;0.68;-0.40;0.55;-0.28;752;712;748;-0.7284634;0.6872306;2.312817;37.18868;136.6369;67.76373;24.90909;350.2647;339.3421;Normal;0.007913589;2.36484
SceneName;0.68;-0.40;0.54;-0.29;742;700;742;-0.7630891;0.7101132;2.293244;37.59643;135.4386;67.22625;21.90909;355.8235;343.2105;Normal;0.01184368;2.376684
SceneName;0.68;-0.40;0.54;-0.29;732;687;735;-0.7275558;0.7640719;2.284899;39.1093;136.0146;67.37633;19.18182;3.235292;346.5263;Normal;0.008656979;2.385341
SceneName;0.68;-0.40;0.54;-0.30;723;674;693;-0.7275558;0.7640719;2.284899;39.1093;136.0146;67.37633;16.45455;11.26471;350.3947;Normal;0.009328127;2.394669
SceneName;0.68;-0.40;0.53;-0.31;717;662;682;-0.6962678;0.7980294;2.281476;39.84345;136.4077;66.87348;14;19.29412;13.60527;Normal;0.009186268;2.403855
SceneName;0.68;-0.39;0.53;-0.31;710;652;673;-0.659234;0.8508072;2.270835;41.36133;137.0044;67.05335;12.36364;26.70588;19.68421;Normal;0.004858017;2.408713
SceneName;0.68;-0.39;0.54;-0.32;698;642;667;-0.6244519;0.8282397;2.290349;40.96278;138.2648;67.65208;10.45455;32.88236;24.65789;Normal;0.0176723;2.426386
SceneName;0.68;-0.38;0.53;-0.33;689;635;658;-0.5991151;0.8427544;2.291206;40.91989;138.4289;66.47106;7.181818;39.05883;27.97367;Normal;0.01274848;2.439134
SceneName;0.68;-0.37;0.53;-0.33;681;627;676;-0.5260405;0.8719203;2.297083;42.03697;140.3316;67.29852;4.727273;43.38235;32.94738;Normal;0.005130768;2.444265
SceneName;0.69;-0.37;0.52;-0.34;677;625;670;-0.4900842;0.8490692;2.31491;41.62544;141.6061;67.89544;2.545455;48.32353;23;Normal;0.009286642;2.453552
SceneName;0.69;-0.37;0.52;-0.34;673;621;664;-0.441875;0.88477;2.309581;43.13398;143.0478;69.34469;1.454546;49.55883;26.3158;Normal;0.005085468;2.458637
SceneName;0.70;-0.37;0.51;-0.34;668;618;657;-0.441875;0.88477;2.309581;43.13398;143.0478;69.34469;0.3636364;52.02941;29.63158;Normal;0.01753139;2.476168
SceneName;0.70;-0.37;0.51;-0.35;665;616;652;-0.4249908;0.8870162;2.311839;43.86849;144.1265;71.28311;359;53.88237;33.5;Normal;0.009085178;2.485254
SceneName;0.70;-0.37;0.50;-0.35;662;612;647;-0.3931385;0.9185736;2.303593;44.59939;144.5631;70.86745;358.1818;55.11764;36.26315;Normal;0.009290934;2.494545
SceneName;0.70;-0.37;0.50;-0.36;659;610;643;-0.3846866;0.9357125;2.297231;45.35908;144.9517;71.71022;357.3636;57.58823;39.02631;Normal;0.009189844;2.503734
SceneName;0.70;-0.36;0.50;-0.36;656;608;638;-0.3526814;0.9665961;2.288017;46.08683;145.3934;71.30534;356.5454;58.82354;41.23685;Normal;0.004503489;2.508238
SceneName;0.70;-0.36;0.50;-0.36;654;606;635;-0.3168687;0.9428443;2.304507;45.63947;146.7154;71.9576;355.7273;60.05882;44.00001;Normal;0.01848149;2.526719
SceneName;0.70;-0.36;0.49;-0.36;650;602;631;-0.3168687;0.9428443;2.304507;45.63947;146.7154;71.9576;355.1818;61.29413;45.6579;Normal;0.008842468;2.535562
SceneName;0.70;-0.36;0.49;-0.36;647;600;629;-0.3076917;0.9594523;2.298025;46.39382;147.1572;72.85178;354.0909;63.76472;47.86842;Normal;0.009225368;2.544787
SceneName;0.70;-0.37;0.49;-0.37;646;599;626;-0.3076917;0.9594523;2.298025;46.39382;147.1572;72.85178;353.2727;64.99999;48.97368;Normal;0.008764982;2.553552
SceneName;0.70;-0.37;0.48;-0.37;645;597;624;-0.3113388;1.013665;2.27116;47.57368;146.2663;71.78881;353;65.61765;50.63158;Normal;0.004853725;2.558406
SceneName;0.70;-0.37;0.48;-0.37;643;596;624;-0.3013587;1.030265;2.26414;48.3385;146.7309;72.70229;352.7273;66.85295;51.73685;Normal;0.02046752;2.578873
SceneName;0.70;-0.37;0.48;-0.37;640;593;623;-0.3013587;1.030265;2.26414;48.3385;146.7309;72.70229;352.1818;67.47058;51.73685;Normal;0.01025844;2.589132
SceneName;0.70;-0.37;0.48;-0.37;638;593;621;-0.3013587;1.030265;2.26414;48.3385;146.7309;72.70229;351.3636;69.32355;52.28948;Normal;0.005251884;2.594384
SceneName;0.70;-0.37;0.48;-0.37;637;591;619;-0.3013587;1.030265;2.26414;48.3385;146.7309;72.70229;350.8182;69.32355;53.39474;Normal;0.009472847;2.603857
SceneName;0.70;-0.37;0.47;-0.37;636;591;619;-0.3013587;1.030265;2.26414;48.3385;146.7309;72.70229;350.5454;70.55882;54.5;Normal;0.004689693;2.608546
SceneName;0.70;-0.38;0.47;-0.38;634;589;619;-0.2909829;1.046822;2.257002;49.10558;147.226;73.64837;350.2727;70.55882;54.5;Normal;0.01770377;2.62625
SceneName;0.70;-0.38;0.47;-0.38;632;589;618;-0.2936806;1.099572;2.228419;50.27224;146.282;72.52518;349.7273;71.79414;54.5;Normal;0.009256363;2.635506
SceneName;0.70;-0.38;0.47;-0.38;633;588;618;-0.2936806;1.099572;2.228419;50.27224;146.282;72.52518;349.1818;71.79414;55.05264;Normal;0.004540205;2.640047
SceneName;0.70;-0.38;0.47;-0.38;631;588;617;-0.2936806;1.099572;2.228419;50.27224;146.282;72.52518;349.4546;72.41177;55.05264;Normal;0.01643968;2.656486
SceneName;0.70;-0.38;0.47;-0.38;631;588;616;-0.2936806;1.099572;2.228419;50.27224;146.282;72.52518;348.9091;72.41177;55.60526;Normal;0.009024858;2.665511
SceneName;0.70;-0.39;0.46;-0.38;630;587;617;-0.2936806;1.099572;2.228419;50.27224;146.282;72.52518;348.9091;72.41177;56.1579;Normal;0.009989738;2.675501
SceneName;0.70;-0.39;0.46;-0.38;630;588;616;-0.3172455;1.13941;2.202661;51.4899;145.3589;72.7028;348.6364;73.02941;55.60526;Normal;0.008369446;2.68387
SceneName;0.70;-0.39;0.46;-0.38;629;588;616;-0.3172455;1.13941;2.202661;51.4899;145.3589;72.7028;348.6364;72.41177;56.1579;Normal;0.004814863;2.688685
SceneName;0.70;-0.39;0.46;-0.38;628;588;615;-0.3172455;1.13941;2.202661;51.4899;145.3589;72.7028;348.3636;72.41177;56.1579;Normal;0.01841092;2.707096
SceneName;0.70;-0.39;0.46;-0.38;629;587;617;-0.3172455;1.13941;2.202661;51.4899;145.3589;72.7028;348.0909;72.41177;56.71052;Normal;0.008534431;2.715631
SceneName;0.70;-0.40;0.46;-0.38;628;587;617;-0.3172455;1.13941;2.202661;51.4899;145.3589;72.7028;348.3636;73.02941;55.60526;Normal;0.008898497;2.724529
SceneName;0.70;-0.40;0.46;-0.38;627;588;618;-0.3515251;1.162287;2.183962;51.91463;143.902;71.89237;348.0909;73.02941;55.60526;Normal;0.009256601;2.733786
SceneName;0.70;-0.40;0.46;-0.38;627;590;622;-0.3515251;1.162287;2.183962;51.91463;143.902;71.89237;347.8182;72.41177;55.05264;Normal;0.007935524;2.741721
SceneName;0.70;-0.41;0.45;-0.38;627;595;631;-0.3515251;1.162287;2.183962;51.91463;143.902;71.89237;347.8182;71.17648;52.84212;Normal;0.01502085;2.756742
SceneName;0.70;-0.41;0.45;-0.38;626;605;648;-0.3735561;1.201804;2.156298;53.12779;142.9227;71.99953;347.8182;68.08823;47.86842;Normal;0.008999348;2.765741
SceneName;0.69;-0.42;0.45;-0.38;627;624;674;-0.3735561;1.201804;2.156298;53.12779;142.9227;71.99953;347.5454;61.91178;38.47368;Normal;0.01142716;2.777169
SceneName;0.69;-0.42;0.45;-0.38;626;645;701;-0.4166731;1.240577;2.123636;53.60631;140.4169;69.75674;347.8182;50.17646;24.10528;Normal;0.006655931;2.783824
SceneName;0.69;-0.43;0.45;-0.37;626;678;728;-0.4166731;1.240577;2.123636;53.60631;140.4169;69.75674;347.5454;37.20589;9.184209;Normal;0.00509429;2.788919
SceneName;0.68;-0.44;0.45;-0.37;627;706;747;-0.4826913;1.234778;2.113034;53.28762;138.4983;69.31832;347.5454;16.82353;354.2632;Normal;0.01770568;2.806624
SceneName;0.67;-0.45;0.46;-0.36;627;727;757;-0.5258304;1.271765;2.077929;53.67884;135.9278;67.01376;347.8182;359.5294;343.7632;Normal;0.005042553;2.811667
SceneName;0.66;-0.47;0.46;-0.36;629;738;764;-0.614049;1.260782;2.060459;52.45063;132.7049;64.46341;347.8182;346.5588;338.2368;Normal;0.01502252;2.826689
SceneName;0.65;-0.48;0.47;-0.36;632;749;770;-0.6890054;1.313794;1.998638;52.97018;128.5813;61.23093;348.3636;339.7647;334.3684;Normal;0.004963398;2.831653
SceneName;0.65;-0.49;0.47;-0.35;636;756;773;-0.7438411;1.325563;1.969688;52.23385;125.8604;58.32192;349.1818;332.9706;331.0526;Normal;0.01499295;2.846646
SceneName;0.65;-0.50;0.47;-0.34;642;762;774;-0.8065173;1.314924;1.95217;51.78104;124.1243;58.06938;350.2727;328.6471;329.3947;Normal;0.008982897;2.855629
SceneName;0.65;-0.50;0.46;-0.33;647;763;775;-0.8684417;1.303857;1.93301;51.32504;122.4133;57.84203;351.9091;324.9412;328.8421;Normal;0.004717588;2.860346
SceneName;0.65;-0.51;0.46;-0.33;652;767;776;-0.8902952;1.296906;1.927967;51.55886;122.218;58.99907;353.2727;324.3235;328.2895;Normal;0.01619482;2.876541
SceneName;0.65;-0.51;0.46;-0.32;658;769;780;-0.9188541;1.314094;1.901156;51.76533;120.7212;58.09859;354.6364;321.8529;327.7368;Normal;0.009125471;2.885667
SceneName;0.65;-0.52;0.45;-0.32;665;773;786;-0.9515979;1.28567;1.906101;51.10674;120.5077;58.78204;356.2727;320.6176;325.5263;Normal;0.01254153;2.898208
SceneName;0.66;-0.52;0.45;-0.31;671;778;789;-0.9683759;1.324735;1.867446;52.21265;119.0059;58.33767;358.1818;318.1471;322.2105;Normal;0.005627632;2.903836
SceneName;0.66;-0.52;0.45;-0.31;676;782;794;-0.9880453;1.284658;1.887722;51.71248;119.8759;60.41368;359.8182;315.0588;320.5526;Normal;0.009371519;2.913207
SceneName;0.66;-0.53;0.44;-0.31;681;786;797;-0.9880453;1.284658;1.887722;51.71248;119.8759;60.41368;1.181818;312.5882;317.7895;Normal;0.009361982;2.922569
SceneName;0.65;-0.53;0.44;-0.31;684;787;801;-1.003557;1.324035;1.848814;52.82505;118.3845;59.96436;2.545455;310.1176;316.1316;Normal;0.009350777;2.93192
SceneName;0.65;-0.54;0.44;-0.30;685;789;802;-1.016902;1.335768;1.831912;52.66648;117.2674;58.55808;3.363636;309.5;313.9211;Normal;0.009514332;2.941434
SceneName;0.65;-0.54;0.44;-0.31;688;793;804;-1.075902;1.324316;1.806272;52.2025;115.5717;58.3471;3.636364;308.2647;313.3684;Normal;0.007568359;2.949003
SceneName;0.65;-0.54;0.44;-0.31;690;794;804;-1.042953;1.352144;1.803356;52.83899;115.7521;57.6111;4.454545;305.7941;312.2632;Normal;0.01781249;2.966815
SceneName;0.65;-0.54;0.44;-0.31;691;793;804;-1.042953;1.352144;1.803356;52.83899;115.7521;57.6111;5;305.1765;312.2632;Normal;0.01133347;2.978149
SceneName;0.64;-0.54;0.44;-0.31;692;794;806;-1.042953;1.352144;1.803356;52.83899;115.7521;57.6111;5.272727;305.7941;312.2632;Normal;0.00445056;2.982599
SceneName;0.64;-0.54;0.44;-0.31;693;795;806;-1.056652;1.363345;1.785753;52.64662;114.6279;56.19935;5.545454;305.1765;311.1579;Normal;0.01433158;2.996931
SceneName;0.64;-0.55;0.44;-0.31;693;794;806;-1.056652;1.363345;1.785753;52.64662;114.6279;56.19935;5.818182;304.5588;311.1579;Normal;0.004814863;3.001746
SceneName;0.64;-0.55;0.44;-0.31;693;794;807;-1.08213;1.378853;1.756669;52.78746;113.1163;55.25512;5.818182;305.1765;311.1579;Normal;0.01481986;3.016566
SceneName;0.64;-0.55;0.44;-0.31;693;793;806;-1.08213;1.378853;1.756669;52.78746;113.1163;55.25512;5.818182;305.1765;310.6053;Normal;0.009211302;3.025777
SceneName;0.64;-0.55;0.44;-0.31;692;794;806;-1.08213;1.378853;1.756669;52.78746;113.1163;55.25512;5.818182;305.7941;311.1579;Normal;0.004812241;3.030589
SceneName;0.64;-0.55;0.44;-0.31;692;793;806;-1.08213;1.378853;1.756669;52.78746;113.1163;55.25512;5.545454;305.1765;311.1579;Normal;0.01601768;3.046607
SceneName;0.64;-0.55;0.44;-0.31;691;792;805;-1.08213;1.378853;1.756669;52.78746;113.1163;55.25512;5.545454;305.7941;311.1579;Normal;0.008081675;3.054688
SceneName;0.64;-0.55;0.44;-0.31;690;791;804;-1.08213;1.378853;1.756669;52.78746;113.1163;55.25512;5.272727;306.4118;311.7105;Normal;0.01183581;3.066524
SceneName;0.64;-0.55;0.44;-0.31;689;790;804;-1.08213;1.378853;1.756669;52.78746;113.1163;55.25512;5;307.0294;312.2632;Normal;0.009062767;3.075587
SceneName;0.63;-0.55;0.44;-0.31;687;787;802;-1.08213;1.378853;1.756669;52.78746;113.1163;55.25512;4.727273;307.6471;312.2632;Normal;0.009525776;3.085113
SceneName;0.63;-0.55;0.44;-0.32;689;787;800;-1.09616;1.389485;1.738371;52.56075;111.9899;53.84274;4.181818;309.5;313.3684;Normal;0.00883317;3.093946
SceneName;0.63;-0.56;0.44;-0.32;687;783;798;-1.063428;1.417045;1.734763;53.18784;112.1115;53.04955;4.727273;309.5;314.4737;Normal;0.004846096;3.098792
SceneName;0.63;-0.56;0.43;-0.32;688;780;795;-1.088555;1.431411;1.705463;53.28786;110.592;52.09893;4.181818;311.9706;315.5789;Normal;0.01828694;3.117079
SceneName;0.63;-0.56;0.43;-0.32;687;778;792;-1.075955;1.454209;1.692403;54.21622;110.3678;52.34644;4.454545;313.8235;317.2368;Normal;0.008466959;3.125546
SceneName;0.63;-0.56;0.43;-0.32;687;773;788;-1.075955;1.454209;1.692403;54.21622;110.3678;52.34644;4.181818;315.0588;318.8947;Normal;0.005030394;3.130576
SceneName;0.63;-0.56;0.43;-0.32;686;768;784;-1.075955;1.454209;1.692403;54.21622;110.3678;52.34644;4.181818;318.1471;321.1053;Normal;0.01618266;3.146759
SceneName;0.63;-0.57;0.42;-0.32;686;763;778;-1.075955;1.454209;1.692403;54.21622;110.3678;52.34644;3.909091;321.2353;323.3158;Normal;0.008663416;3.155422
SceneName;0.64;-0.57;0.41;-0.32;686;758;773;-1.087056;1.490878;1.649421;55.22858;108.5623;51.57297;3.909091;324.3235;326.6316;Normal;0.009579897;3.165002
SceneName;0.64;-0.57;0.40;-0.32;685;753;769;-1.059372;1.502735;1.656145;56.41198;109.5612;53.3162;3.909091;327.4117;329.3947;Normal;0.009029388;3.174032
SceneName;0.65;-0.58;0.39;-0.31;685;748;766;-1.045018;1.525098;1.643023;57.35666;109.3412;53.56781;3.636364;330.5;331.6053;Normal;0.01155782;3.18559
SceneName;0.66;-0.58;0.37;-0.30;685;743;762;-1.073461;1.525449;1.623636;58.00756;108.7278;55.14009;3.636364;333.5882;333.2632;Normal;0.007082939;3.192672
SceneName;0.67;-0.59;0.35;-0.29;683;740;758;-1.06357;1.534132;1.621357;59.52224;109.6998;58.22707;3.636364;336.6765;335.4737;Normal;0.01019287;3.202865
SceneName;0.68;-0.60;0.32;-0.28;681;736;755;-1.07454;1.557829;1.588732;61.13093;109.0717;60.21597;3.090909;338.5294;337.6842;Normal;0.009304523;3.21217
SceneName;0.69;-0.60;0.29;-0.27;679;732;752;-1.065682;1.603781;1.54405;63.71322;108.4726;62.67834;2.545455;341;339.3421;Normal;0.01451397;3.226684
SceneName;0.71;-0.61;0.26;-0.25;678;728;749;-1.033702;1.634011;1.531687;66.18552;110.2282;67.00314;2;343.4706;341;Normal;0.00941658;3.2361
SceneName;0.73;-0.61;0.22;-0.23;678;724;746;-1.043137;1.645548;1.51139;68.21774;112.307;73.19762;1.727273;345.9412;342.6579;Normal;0.009167671;3.245268
SceneName;0.75;-0.60;0.18;-0.21;675;719;743;-1.01363;1.661196;1.513378;70.8152;118.3478;83.34581;1.727273;348.4117;344.3158;Normal;0.009200335;3.254468
SceneName;0.77;-0.59;0.14;-0.19;674;713;741;-0.968564;1.656058;1.549624;72.53667;129.2259;97.9165;0.9090911;351.5;345.9737;Normal;0.00467658;3.259145
SceneName;0.79;-0.58;0.10;-0.17;672;707;738;-0.9257475;1.645977;1.587949;73.27992;142.0711;114.4596;0.6363637;355.2059;347.0789;Normal;0.01780462;3.27695
SceneName;0.81;-0.57;0.07;-0.15;669;702;736;-0.8858391;1.631068;1.627791;72.90236;155.2336;131.3174;0.0909091;358.9117;348.7368;Normal;0.00904417;3.285994
SceneName;0.82;-0.55;0.04;-0.13;666;697;730;-0.8730525;1.595222;1.673186;71.21132;164.0286;143.3086;359.2727;1.999997;349.8421;Normal;0.005228758;3.291223
SceneName;0.84;-0.54;0.02;-0.11;663;690;725;-0.8557745;1.5499;1.728157;68.81667;171.2321;153.4149;358.4546;5.088241;353.1579;Normal;0.01583719;3.30706
SceneName;0.85;-0.52;-0.00;-0.10;661;681;718;-0.8744395;1.493186;1.772743;66.26186;174.0041;158.8985;357.6364;9.411763;355.9211;Normal;0.009102583;3.316162
SceneName;0.86;-0.51;-0.01;-0.08;659;669;709;-0.8485768;1.437588;1.835069;63.60231;177.788;164.1342;357.0909;14.97058;359.7895;Normal;0.009205818;3.325368
SceneName;0.87;-0.49;-0.02;-0.06;659;661;701;-0.8968535;1.382104;1.858245;61.54852;177.1316;165.7438;356.5454;22.38236;4.763151;Normal;0.008914471;3.334283
SceneName;0.88;-0.48;-0.02;-0.05;661;657;695;-0.9388955;1.295403;1.905278;58.54954;176.7184;167.3761;356.5454;27.32354;9.184209;Normal;0.009187698;3.34347
SceneName;0.88;-0.46;-0.02;-0.03;664;654;691;-0.970786;1.233722;1.93401;56.77882;175.7048;167.1087;357.0909;29.79411;12.50001;Normal;0.008845329;3.352316
SceneName;0.89;-0.45;-0.02;-0.02;668;653;687;-1.037668;1.145441;1.958626;54.30634;173.6893;166.7684;357.9091;31.64706;14.71053;Normal;0.009155512;3.361471
SceneName;0.90;-0.44;-0.02;-0.02;672;651;685;-1.069588;1.081778;1.98135;52.53477;172.8243;166.6658;359;32.26471;16.92105;Normal;0.01228547;3.373757
SceneName;0.90;-0.43;-0.01;-0.01;676;650;682;-1.06073;1.028652;2.017671;51.03588;173.2344;166.7653;0.0909091;33.5;18.02633;Normal;0.01345897;3.387216
SceneName;0.91;-0.42;-0.00;-0.01;683;650;680;-1.112567;0.9642115;2.024938;49.72565;171.063;164.9411;1.181818;34.11765;19.68421;Normal;0.01121616;3.398432
SceneName;0.91;-0.41;0.00;-0.01;689;650;680;-1.119644;0.8923122;2.058095;48.17781;170.3344;163.382;3.090909;34.11765;20.78948;Normal;0.006873846;3.405306
SceneName;0.91;-0.40;0.01;-0.01;695;649;679;-1.111957;0.8552428;2.08022;47.17133;170.6858;163.5091;4.727273;34.11765;20.78948;Normal;0.008946896;3.414253
SceneName;0.92;-0.40;0.02;-0.01;700;651;679;-1.119967;0.7991494;2.101326;46.07357;169.8996;161.9698;6.363636;34.73529;21.34211;Normal;0.005095959;3.419348
SceneName;0.92;-0.39;0.02;-0.01;706;650;678;-1.131823;0.7641677;2.109835;45.52725;168.9572;160.4216;7.727272;33.5;21.34211;Normal;0.01791358;3.437262
SceneName;0.92;-0.38;0.02;-0.01;710;652;679;-1.123021;0.7259282;2.130239;44.51895;169.3394;160.5656;9.363635;34.11765;21.89473;Normal;0.005235195;3.442497
SceneName;0.93;-0.38;0.03;-0.01;711;651;680;-1.11399;0.6870463;2.150075;43.50209;169.7145;160.6989;10.45455;32.88236;21.34211;Normal;0.01445174;3.456949
SceneName;0.93;-0.37;0.03;-0.01;712;652;680;-1.12425;0.6528124;2.157146;42.97249;168.8509;159.2328;10.72727;33.5;20.78948;Normal;0.008899689;3.465849
SceneName;0.93;-0.37;0.03;-0.01;713;652;680;-1.114655;0.6135164;2.175834;41.95918;169.2349;159.3686;11;32.88236;20.78948;Normal;0.009415388;3.475264
SceneName;0.93;-0.37;0.03;-0.01;713;652;680;-1.114655;0.6135164;2.175834;41.95918;169.2349;159.3686;11.27273;32.88236;20.78948;Normal;0.009243488;3.484508
SceneName;0.93;-0.36;0.03;-0.01;714;652;680;-1.114655;0.6135164;2.175834;41.95918;169.2349;159.3686;11.27273;32.88236;20.78948;Normal;0.009500265;3.494008
SceneName;0.93;-0.36;0.03;-0.01;713;652;680;-1.104829;0.5736178;2.193903;40.93772;169.6126;159.4941;11.54545;32.88236;20.78948;Normal;0.005124569;3.499132
SceneName;0.93;-0.36;0.03;-0.01;711;651;679;-1.104829;0.5736178;2.193903;40.93772;169.6126;159.4941;11.27273;32.88236;20.78948;Normal;0.01789975;3.517032
SceneName;0.93;-0.36;0.03;-0.01;708;651;679;-1.104829;0.5736178;2.193903;40.93772;169.6126;159.4941;10.72727;33.5;21.34211;Normal;0.01245499;3.529487
SceneName;0.93;-0.36;0.03;-0.01;704;650;679;-1.104829;0.5736178;2.193903;40.93772;169.6126;159.4941;9.909092;33.5;21.34211;Normal;0.005596399;3.535084
SceneName;0.93;-0.35;0.03;-0.01;699;651;679;-1.104829;0.5736178;2.193903;40.93772;169.6126;159.4941;8.818182;34.11765;21.34211;Normal;0.009867668;3.544951
SceneName;0.94;-0.35;0.03;-0.01;695;650;679;-1.094773;0.533128;2.211331;39.90824;169.9843;159.6097;7.454545;33.5;21.34211;Normal;0.004730225;3.549681
SceneName;0.94;-0.35;0.03;-0.01;689;650;679;-1.091022;0.5183583;2.217495;39.52294;170.14;159.6982;6.363636;34.11765;21.34211;Normal;0.01721072;3.566892
SceneName;0.94;-0.35;0.03;-0.01;682;649;679;-1.091022;0.5183583;2.217495;39.52294;170.14;159.6982;4.727273;34.11765;21.34211;Normal;0.009176493;3.576069
SceneName;0.94;-0.35;0.03;-0.01;677;650;678;-1.091022;0.5183583;2.217495;39.52294;170.14;159.6982;2.818182;34.73529;21.34211;Normal;0.009612083;3.585681
SceneName;0.94;-0.34;0.03;-0.01;670;649;678;-1.091022;0.5183583;2.217495;39.52294;170.14;159.6982;1.454546;34.11765;21.89473;Normal;0.008435011;3.594116
SceneName;0.94;-0.34;0.03;-0.01;666;649;678;-1.080778;0.4775161;2.233833;38.49368;170.4997;159.7994;359.5454;34.73529;21.89473;Normal;0.007577419;3.601693
SceneName;0.94;-0.34;0.03;-0.01;661;649;679;-1.080778;0.4775161;2.233833;38.49368;170.4997;159.7994;358.4546;34.73529;21.89473;Normal;0.01535249;3.617046
SceneName;0.94;-0.33;0.03;-0.00;656;648;679;-1.080778;0.4775161;2.233833;38.49368;170.4997;159.7994;357.0909;34.73529;21.34211;Normal;0.009203672;3.626249
SceneName;0.94;-0.33;0.03;-0.00;652;649;678;-1.112618;0.4240686;2.231322;37.14689;169.7868;159.9548;355.7273;35.35293;21.34211;Normal;0.008993149;3.635242
SceneName;0.95;-0.32;0.03;0.00;648;649;678;-1.112618;0.4240686;2.231322;37.14689;169.7868;159.9548;354.6364;34.73529;21.89473;Normal;0.009145021;3.644387
SceneName;0.95;-0.32;0.03;0.00;644;648;678;-1.098366;0.368539;2.25109;35.75186;170.284;160.1233;353.5454;34.73529;21.89473;Normal;0.009404659;3.653792
SceneName;0.95;-0.31;0.02;0.00;642;648;677;-1.098366;0.368539;2.25109;35.75186;170.284;160.1233;352.4546;35.35293;21.89473;Normal;0.005392313;3.659184
SceneName;0.95;-0.31;0.02;0.01;640;648;678;-1.077225;0.3444185;2.266486;34.79525;171.4681;161.5941;351.9091;35.35293;22.44737;Normal;0.0100143;3.669199
SceneName;0.95;-0.30;0.02;0.01;638;648;678;-1.119613;0.3331575;2.247629;34.49862;170.4124;161.6809;351.3636;35.35293;21.89473;Normal;0.01330256;3.682501
SceneName;0.95;-0.30;0.01;0.01;636;648;678;-1.109563;0.2905321;2.260676;33.44418;170.7345;161.7513;350.8182;35.35293;21.89473;Normal;0.006420135;3.688921
SceneName;0.96;-0.29;0.01;0.01;635;649;677;-1.099133;0.3086878;2.262603;33.52068;171.5558;163.1248;350.2727;35.35293;21.89473;Normal;0.05035639;3.739278
SceneName;0.96;-0.29;0.01;0.01;635;649;677;-1.085706;0.2526854;2.278808;32.13694;171.9669;163.2015;350;34.73529;22.44737;Normal;0.08097482;3.820253
SceneName;0.96;-0.28;0.01;0.01;634;649;676;-1.085706;0.2526854;2.278808;32.13694;171.9669;163.2015;350;34.73529;22.44737;Normal;0.01639557;3.836648
SceneName;0.96;-0.27;0.01;0.01;632;649;676;-1.075696;0.2093799;2.290066;31.07519;172.2613;163.2419;349.7273;34.73529;23;Normal;0.005275011;3.841923
SceneName;0.96;-0.27;0.01;0.02;632;648;676;-1.065493;0.16565;2.30053;30.00733;172.5532;163.2757;349.1818;34.73529;23;Normal;0.005665302;3.847589
SceneName;0.96;-0.26;0.01;0.02;630;648;675;-1.108469;0.1553888;2.280875;29.72286;171.5106;163.4056;349.1818;35.35293;23;Normal;0.00477767;3.852366
SceneName;0.97;-0.26;0.01;0.02;629;648;675;-1.098351;0.1113399;2.290467;28.6484;171.801;163.4429;348.6364;35.35293;23.55264;Normal;0.004542828;3.856909
SceneName;0.97;-0.25;0.01;0.02;628;648;674;-1.094629;0.09985983;2.29334;28.3659;171.9075;163.4623;348.3636;35.35293;23.55264;Normal;0.004636765;3.861546
SceneName;0.97;-0.25;0.00;0.02;627;648;673;-1.084373;0.05578864;2.301798;27.29527;172.192;163.491;348.0909;35.35293;24.10528;Normal;0.004825354;3.866371
SceneName;0.97;-0.24;-0.00;0.03;626;648;673;-1.076195;0.07337534;2.304435;27.34708;172.904;164.7692;347.8182;35.35293;24.65789;Normal;0.005011082;3.871382
SceneName;0.97;-0.23;-0.00;0.03;625;647;673;-1.109333;0.01962197;2.29183;25.99658;172.1389;164.9429;347.5454;35.35293;24.65789;Normal;0.004709959;3.876092
SceneName;0.97;-0.23;-0.00;0.03;624;648;673;-1.099392;-0.02510512;2.298657;24.91188;172.4053;164.9594;347.2727;35.97059;24.65789;Normal;0.00439024;3.880482
SceneName;0.97;-0.22;-0.01;0.03;623;648;672;-1.099392;-0.02510512;2.298657;24.91188;172.4053;164.9594;347;35.35293;24.65789;Normal;0.004795313;3.885278
SceneName;0.98;-0.22;-0.01;0.03;623;647;672;-1.082155;-0.05252779;2.307746;23.86178;173.3352;166.2161;346.7273;35.35293;25.21053;Normal;0.004516363;3.889794
SceneName;0.98;-0.21;-0.01;0.03;622;647;672;-1.078695;-0.06261504;2.309591;23.6236;173.4163;166.1975;346.7273;35.97059;25.21053;Normal;0.006835699;3.89663
SceneName;0.98;-0.21;-0.01;0.03;622;648;671;-1.068895;-0.1076134;2.314539;22.53671;173.6634;166.1924;346.4545;35.97059;25.21053;Normal;0.005013227;3.901643
SceneName;0.98;-0.21;-0.01;0.04;622;648;671;-1.068895;-0.1076134;2.314539;22.53671;173.6634;166.1924;346.4545;35.35293;25.76315;Normal;0.005275249;3.906918
SceneName;0.98;-0.20;-0.01;0.04;621;647;671;-1.112122;-0.1157883;2.293584;22.27803;172.6384;166.384;346.4545;35.35293;25.76315;Normal;0.005161762;3.91208
SceneName;0.98;-0.20;-0.01;0.04;621;648;671;-1.102387;-0.1609138;2.297613;21.18604;172.8842;166.3834;346.1818;35.97059;25.76315;Normal;0.004376888;3.916457
SceneName;0.98;-0.20;-0.01;0.04;621;648;671;-1.102387;-0.1609138;2.297613;21.18604;172.8842;166.3834;346.1818;35.35293;25.76315;Normal;0.004590988;3.921048
SceneName;0.98;-0.19;-0.01;0.04;621;648;671;-1.102387;-0.1609138;2.297613;21.18604;172.8842;166.3834;346.1818;35.35293;25.76315;Normal;0.005023241;3.926071
SceneName;0.98;-0.19;-0.01;0.04;621;648;670;-1.092487;-0.2062641;2.300758;20.08969;173.1293;166.3778;346.1818;35.35293;25.76315;Normal;0.004225969;3.930297
SceneName;0.98;-0.19;-0.01;0.04;621;648;671;-1.092487;-0.2062641;2.300758;20.08969;173.1293;166.3778;346.1818;35.35293;26.3158;Normal;0.004373789;3.934671
SceneName;0.98;-0.19;-0.01;0.04;621;648;670;-1.092487;-0.2062641;2.300758;20.08969;173.1293;166.3778;346.1818;35.35293;25.76315;Normal;0.004599333;3.93927
SceneName;0.98;-0.19;-0.01;0.04;621;649;671;-1.092487;-0.2062641;2.300758;20.08969;173.1293;166.3778;346.1818;35.35293;26.3158;Normal;0.005253792;3.944524
SceneName;0.98;-0.19;-0.01;0.04;621;649;671;-1.092487;-0.2062641;2.300758;20.08969;173.1293;166.3778;346.1818;34.73529;25.76315;Normal;0.009094238;3.953618
SceneName;0.98;-0.18;-0.01;0.04;621;649;671;-1.092487;-0.2062641;2.300758;20.08969;173.1293;166.3778;346.1818;34.73529;25.76315;Normal;0.005926371;3.959545
SceneName;0.98;-0.18;-0.01;0.04;621;650;671;-1.082428;-0.2518147;2.303005;18.9892;173.3737;166.3672;346.1818;34.73529;25.76315;Normal;0.01885247;3.978397
SceneName;0.98;-0.18;-0.01;0.04;621;649;670;-1.082428;-0.2518147;2.303005;18.9892;173.3737;166.3672;346.1818;34.11765;25.76315;Normal;0.008255959;3.986653
SceneName;0.98;-0.18;-0.01;0.04;621;649;670;-1.082428;-0.2518147;2.303005;18.9892;173.3737;166.3672;346.1818;34.73529;26.3158;Normal;0.009491205;3.996144
SceneName;0.98;-0.18;-0.01;0.04;620;649;670;-1.082428;-0.2518147;2.303005;18.9892;173.3737;166.3672;346.1818;34.73529;26.3158;Normal;0.009108067;4.005252
SceneName;0.98;-0.18;-0.01;0.04;620;650;670;-1.082428;-0.2518147;2.303005;18.9892;173.3737;166.3672;345.9091;34.73529;26.3158;Normal;0.005874157;4.011127
SceneName;0.98;-0.18;-0.01;0.04;620;649;670;-1.082428;-0.2518147;2.303005;18.9892;173.3737;166.3672;345.9091;34.11765;26.3158;Normal;0.01685858;4.027985
SceneName;0.98;-0.18;-0.01;0.04;620;649;670;-1.082428;-0.2518147;2.303005;18.9892;173.3737;166.3672;345.9091;34.73529;26.3158;Normal;0.01208115;4.040066
SceneName;0.98;-0.17;-0.01;0.04;620;650;670;-1.082428;-0.2518147;2.303005;18.9892;173.3737;166.3672;345.9091;34.73529;26.3158;Normal;0.006117821;4.046184
SceneName;0.98;-0.17;-0.01;0.04;620;650;670;-1.072213;-0.2975394;2.304344;17.88476;173.6177;166.3518;345.9091;34.11765;26.3158;Normal;0.009935379;4.056119
SceneName;0.98;-0.17;-0.01;0.04;620;649;671;-1.072213;-0.2975394;2.304344;17.88476;173.6177;166.3518;345.9091;34.11765;26.3158;Normal;0.0055089;4.061628
SceneName;0.98;-0.17;-0.01;0.04;620;649;670;-1.072213;-0.2975394;2.304344;17.88476;173.6177;166.3518;345.9091;34.73529;25.76315;Normal;0.01635265;4.077981
SceneName;0.98;-0.17;-0.01;0.04;620;650;670;-1.072213;-0.2975394;2.304344;17.88476;173.6177;166.3518;345.9091;34.73529;26.3158;Normal;0.005862236;4.083843
SceneName;0.99;-0.17;-0.01;0.04;620;649;671;-1.072213;-0.2975394;2.304344;17.88476;173.6177;166.3518;345.9091;34.11765;26.3158;Normal;0.0143261;4.098169
SceneName;0.99;-0.17;-0.01;0.03;619;650;671;-1.068717;-0.3052779;2.305313;17.70492;173.6952;166.3272;345.9091;34.73529;25.76315;Normal;0.008882999;4.107052
SceneName;0.99;-0.16;-0.01;0.03;620;650;671;-1.025024;-0.2977046;2.326174;17.96387;174.7129;166.0981;345.6364;34.11765;25.76315;Normal;0.009157181;4.11621
SceneName;0.99;-0.16;-0.01;0.03;619;650;670;-1.014534;-0.3432745;2.32646;16.8671;174.9554;166.0675;345.9091;34.11765;25.76315;Normal;0.008998871;4.125208
SceneName;0.99;-0.16;-0.01;0.03;620;649;671;-1.014534;-0.3432745;2.32646;16.8671;174.9554;166.0675;345.6364;34.11765;26.3158;Normal;0.005890369;4.131099
SceneName;0.99;-0.16;-0.01;0.03;619;649;671;-1.014534;-0.3432745;2.32646;16.8671;174.9554;166.0675;345.9091;34.73529;25.76315;Normal;0.01705647;4.148155
SceneName;0.99;-0.16;-0.01;0.03;619;650;671;-1.014534;-0.3432745;2.32646;16.8671;174.9554;166.0675;345.6364;34.73529;25.76315;Normal;0.009144783;4.1573
SceneName;0.99;-0.16;-0.01;0.03;619;650;671;-1.014534;-0.3432745;2.32646;16.8671;174.9554;166.0675;345.6364;34.11765;25.76315;Normal;0.00909853;4.166399
SceneName;0.99;-0.16;-0.01;0.03;619;650;671;-1.014534;-0.3432745;2.32646;16.8671;174.9554;166.0675;345.6364;34.11765;25.76315;Normal;0.005602837;4.172001
SceneName;0.99;-0.15;-0.01;0.03;619;650;670;-1.014534;-0.3432745;2.32646;16.8671;174.9554;166.0675;345.6364;34.11765;25.76315;Normal;0.01620483;4.188206
SceneName;0.99;-0.15;-0.01;0.03;619;650;670;-1.003908;-0.3889626;2.325829;15.76697;175.1979;166.0321;345.6364;34.11765;26.3158;Normal;0.009265423;4.197472
SceneName;0.99;-0.15;-0.01;0.03;619;649;670;-1.003908;-0.3889626;2.325829;15.76697;175.1979;166.0321;345.6364;34.11765;26.3158;Normal;0.008480072;4.205952
SceneName;0.99;-0.15;-0.01;0.03;619;650;670;-1.003908;-0.3889626;2.325829;15.76697;175.1979;166.0321;345.6364;34.73529;26.3158;Normal;0.009627342;4.215579
SceneName;0.99;-0.15;-0.01;0.03;619;650;670;-1.003908;-0.3889626;2.325829;15.76697;175.1979;166.0321;345.6364;34.11765;26.3158;Normal;0.01092005;4.226499
SceneName;0.99;-0.15;-0.01;0.03;619;649;670;-1.003908;-0.3889626;2.325829;15.76697;175.1979;166.0321;345.6364;34.11765;26.3158;Normal;0.01033306;4.236832
SceneName;0.99;-0.15;-0.01;0.03;619;650;670;-1.003908;-0.3889626;2.325829;15.76697;175.1979;166.0321;345.6364;34.73529;26.3158;Normal;0.01403046;4.250863
SceneName;0.99;-0.14;-0.01;0.03;619;650;670;-1.003908;-0.3889626;2.325829;15.76697;175.1979;166.0321;345.6364;34.11765;26.3158;Normal;0.008264542;4.259127
SceneName;0.99;-0.14;-0.01;0.03;618;650;670;-0.9931534;-0.4347426;2.324275;14.6637;175.4406;165.9919;345.6364;34.11765;26.3158;Normal;0.008808613;4.267936
SceneName;0.99;-0.14;-0.01;0.03;619;650;670;-0.9931534;-0.4347426;2.324275;14.6637;175.4406;165.9919;345.3636;34.11765;26.3158;Normal;0.008888245;4.276824
SceneName;0.99;-0.14;-0.01;0.03;619;650;670;-0.9931534;-0.4347426;2.324275;14.6637;175.4406;165.9919;345.6364;34.11765;26.3158;Normal;0.005455494;4.282279
SceneName;0.99;-0.14;-0.01;0.03;619;650;670;-0.9931534;-0.4347426;2.324275;14.6637;175.4406;165.9919;345.6364;34.11765;26.3158;Normal;0.01563454;4.297914
SceneName;0.99;-0.14;-0.01;0.03;618;650;669;-0.9931534;-0.4347426;2.324275;14.6637;175.4406;165.9919;345.6364;34.11765;26.3158;Normal;0.006345749;4.30426
SceneName;0.99;-0.14;-0.01;0.03;619;650;669;-0.9931534;-0.4347426;2.324275;14.6637;175.4406;165.9919;345.3636;34.11765;26.86843;Normal;0.01409769;4.318357
SceneName;0.99;-0.13;-0.01;0.03;618;651;669;-0.9931534;-0.4347426;2.324275;14.6637;175.4406;165.9919;345.6364;34.11765;26.86843;Normal;0.008351326;4.326709
SceneName;0.99;-0.13;-0.01;0.03;618;650;669;-0.982274;-0.4805866;2.321788;13.55752;175.6836;165.947;345.3636;33.5;26.86843;Normal;0.005324364;4.332033
SceneName;0.99;-0.13;-0.01;0.03;619;651;670;-0.982274;-0.4805866;2.321788;13.55752;175.6836;165.947;345.3636;34.11765;26.86843;Normal;0.01633787;4.348371
SceneName;0.99;-0.13;-0.01;0.03;619;650;669;-0.982274;-0.4805866;2.321788;13.55752;175.6836;165.947;345.6364;33.5;26.3158;Normal;0.005461216;4.353832
SceneName;0.99;-0.13;-0.01;0.03;619;651;669;-0.982274;-0.4805866;2.321788;13.55752;175.6836;165.947;345.6364;34.11765;26.86843;Normal;0.01393509;4.367767
SceneName;0.99;-0.13;-0.01;0.03;619;651;669;-0.982274;-0.4805866;2.321788;13.55752;175.6836;165.947;345.6364;33.5;26.86843;Normal;0.009293079;4.37706
SceneName;0.99;-0.13;-0.01;0.03;619;651;669;-0.982274;-0.4805866;2.321788;13.55752;175.6836;165.947;345.6364;33.5;26.86843;Normal;0.009627342;4.386688
SceneName;0.99;-0.13;-0.01;0.03;619;650;669;-0.982274;-0.4805866;2.321788;13.55752;175.6836;165.947;345.6364;33.5;26.86843;Normal;0.005618095;4.392306
SceneName;0.99;-0.12;-0.01;0.03;619;650;669;-0.982274;-0.4805866;2.321788;13.55752;175.6836;165.947;345.6364;34.11765;26.86843;Normal;0.0156045;4.40791
SceneName;0.99;-0.12;-0.01;0.03;619;650;669;-0.9712759;-0.5264701;2.318364;12.44864;175.927;165.8973;345.6364;34.11765;26.86843;Normal;0.009086132;4.416996
SceneName;0.99;-0.12;-0.01;0.03;619;650;669;-0.9712759;-0.5264701;2.318364;12.44864;175.927;165.8973;345.6364;34.11765;26.86843;Normal;0.009480953;4.426477
SceneName;0.99;-0.12;-0.01;0.03;619;650;668;-0.9712759;-0.5264701;2.318364;12.44864;175.927;165.8973;345.6364;34.11765;26.86843;Normal;0.009101868;4.435579
SceneName;0.99;-0.12;-0.01;0.03;619;650;669;-0.9712759;-0.5264701;2.318364;12.44864;175.927;165.8973;345.6364;34.11765;27.42105;Normal;0.005261421;4.440841
SceneName;0.99;-0.12;-0.01;0.03;619;651;669;-0.9712759;-0.5264701;2.318364;12.44864;175.927;165.8973;345.6364;34.11765;26.86843;Normal;0.01981401;4.460655
SceneName;0.99;-0.12;-0.01;0.03;619;650;669;-0.9712759;-0.5264701;2.318364;12.44864;175.927;165.8973;345.6364;33.5;26.86843;Normal;0.006309986;4.466965
SceneName;0.99;-0.12;-0.01;0.03;619;650;669;-0.9712759;-0.5264701;2.318364;12.44864;175.927;165.8973;345.6364;34.11765;26.86843;Normal;0.009663105;4.476628
SceneName;0.99;-0.12;-0.01;0.03;619;650;669;-0.9712759;-0.5264701;2.318364;12.44864;175.927;165.8973;345.6364;34.11765;26.86843;Normal;0.008552074;4.48518
SceneName;0.99;-0.11;-0.01;0.03;618;650;669;-0.9712759;-0.5264701;2.318364;12.44864;175.927;165.8973;345.6364;34.11765;26.86843;Normal;0.009534836;4.494715
SceneName;0.99;-0.11;-0.01;0.03;619;650;670;-0.9601647;-0.5723637;2.313998;11.33731;176.171;165.8429;345.3636;34.11765;26.86843;Normal;0.009109974;4.503825
SceneName;0.99;-0.11;-0.01;0.03;618;650;670;-0.9601647;-0.5723637;2.313998;11.33731;176.171;165.8429;345.6364;34.11765;26.3158;Normal;0.006354332;4.510179
SceneName;0.99;-0.11;-0.01;0.03;618;650;669;-0.9601647;-0.5723637;2.313998;11.33731;176.171;165.8429;345.3636;34.11765;26.3158;Normal;0.01776123;4.52794
SceneName;0.99;-0.11;-0.01;0.03;619;650;669;-0.9601647;-0.5723637;2.313998;11.33731;176.171;165.8429;345.3636;34.11765;26.86843;Normal;0.008771896;4.536712
SceneName;0.99;-0.11;-0.01;0.03;618;650;669;-0.9601647;-0.5723637;2.313998;11.33731;176.171;165.8429;345.6364;34.11765;26.86843;Normal;0.009548187;4.54626
SceneName;0.99;-0.11;-0.01;0.03;618;650;669;-0.9601647;-0.5723637;2.313998;11.33731;176.171;165.8429;345.3636;34.11765;26.86843;Normal;0.008892059;4.555152
SceneName;0.99;-0.11;-0.01;0.03;619;650;669;-0.9601647;-0.5723637;2.313998;11.33731;176.171;165.8429;345.3636;34.11765;26.86843;Normal;0.004480362;4.559633
SceneName;0.99;-0.11;-0.01;0.03;618;650;669;-0.9601647;-0.5723637;2.313998;11.33731;176.171;165.8429;345.6364;34.11765;26.86843;Normal;0.01800823;4.577641
SceneName;0.99;-0.11;-0.01;0.03;619;650;669;-0.9601647;-0.5723637;2.313998;11.33731;176.171;165.8429;345.3636;34.11765;26.86843;Normal;0.009401321;4.587042
SceneName;0.99;-0.10;-0.01;0.03;618;650;669;-0.9601647;-0.5723637;2.313998;11.33731;176.171;165.8429;345.6364;34.11765;26.86843;Normal;0.009115219;4.596158
SceneName;0.99;-0.10;-0.01;0.03;618;650;670;-0.9489462;-0.6182402;2.308685;10.22374;176.4157;165.7838;345.3636;34.11765;26.86843;Normal;0.01046038;4.606618
SceneName;0.99;-0.10;-0.01;0.03;618;650;670;-0.9489462;-0.6182402;2.308685;10.22374;176.4157;165.7838;345.3636;34.11765;26.3158;Normal;0.006267548;4.612885
SceneName;0.99;-0.10;-0.01;0.03;618;650;669;-0.9489462;-0.6182402;2.308685;10.22374;176.4157;165.7838;345.3636;34.11765;26.3158;Normal;0.01584148;4.628727
SceneName;0.99;-0.10;-0.01;0.03;618;650;670;-0.9489462;-0.6182402;2.308685;10.22374;176.4157;165.7838;345.3636;34.11765;26.86843;Normal;0.01165628;4.640383
SceneName;0.99;-0.10;-0.01;0.03;618;650;669;-0.9489462;-0.6182402;2.308685;10.22374;176.4157;165.7838;345.3636;34.11765;26.3158;Normal;0.006658077;4.647041
SceneName;0.99;-0.10;-0.01;0.03;618;650;669;-0.9489462;-0.6182402;2.308685;10.22374;176.4157;165.7838;345.3636;34.11765;26.86843;Normal;0.01091433;4.657956
SceneName;0.99;-0.10;-0.01;0.03;618;650;669;-0.9489462;-0.6182402;2.308685;10.22374;176.4157;165.7838;345.3636;34.11765;26.86843;Normal;0.005422115;4.663378
SceneName;0.99;-0.10;-0.01;0.03;618;650;669;-0.9489462;-0.6182402;2.308685;10.22374;176.4157;165.7838;345.3636;34.11765;26.86843;Normal;0.01478958;4.678167
SceneName;0.99;-0.10;-0.01;0.03;618;650;669;-0.9489462;-0.6182402;2.308685;10.22374;176.4157;165.7838;345.3636;34.11765;26.86843;Normal;0.00839901;4.686566
SceneName;0.99;-0.09;-0.01;0.03;618;650;669;-0.9489462;-0.6182402;2.308685;10.22374;176.4157;165.7838;345.3636;34.11765;26.86843;Normal;0.00935936;4.695926
SceneName;1.00;-0.09;-0.01;0.03;619;650;669;-0.9376268;-0.6640722;2.302423;9.10818;176.6613;165.7199;345.3636;34.11765;26.86843;Normal;0.008588791;4.704515
SceneName;1.00;-0.09;-0.01;0.03;618;650;669;-0.9352572;-0.6681529;2.302382;9.01572;176.7095;165.6936;345.6364;34.11765;26.86843;Normal;0.009726048;4.714241
SceneName;1.00;-0.09;-0.01;0.03;618;650;669;-0.9352572;-0.6681529;2.302382;9.01572;176.7095;165.6936;345.3636;34.11765;26.86843;Normal;0.01198483;4.726225
