SceneName;GyroQuaternion_W;GyroQuaternion_X;GyroQuaternion_Y;GyroQuaternion_Z;Flex Thumb;Flex Index;Flex Middle;HandPoz_X;HandPoz_Y;HandPoz_Z;HandRot_X;HandRot_Y;HandRot_Z;ThumbRot_Z;IndexRot_X;MiddleRot_X;Hand Condition;Time;Timestamp
SceneName;0>*..**....>......1.00;0.00;0.00;-0.00;625;677;689;-0.7058;2.302422;0.01919999;0;0;0;350;59.99999;59.99999;Normal;0;0
SceneName;1.00;0.00;0.00;-0.00;625;677;688;-0.7058;2.302422;0.01919999;0;0;0;0;0;0;Normal;0.02;0.02
SceneName;1.00;0.00;0.00;-0.00;625;677;688;-0.7058;2.302422;0.01919999;65.18579;141.9237;144.5834;353;9.200001;4.800006;Normal;0.3333333;0.3533334
SceneName;1.00;0.00;0.00;-0.00;625;677;688;-0.7058;2.302422;0.01919999;65.18579;141.9237;144.5834;353;9.200001;4.800006;Normal;0.1082778;0.4616112
SceneName;1.00;0.00;0.00;-0.00;625;677;689;-0.7058;2.302422;0.01919999;65.18579;141.9237;144.5834;353;9.200001;4.800006;Normal;0.02660719;0.4882183
SceneName;1.00;0.00;0.00;-0.00;625;677;688;-0.7058;2.302422;0.01919999;65.18579;141.9237;144.5834;353;9.200001;4.39999;Normal;0.01366183;0.5018802
SceneName;1.00;0.00;0.00;-0.00;625;677;688;-0.7058;2.302422;0.01919999;65.18579;141.9237;144.5834;353;9.200001;4.800006;Normal;0.02381188;0.525692
SceneName;1.00;0.00;0.00;-0.00;625;677;688;-0.7058;2.302422;0.01919999;65.18579;141.9237;144.5834;353;9.200001;4.800006;Normal;0.01493663;0.5406287
SceneName;1.00;0.00;0.00;-0.00;625;677;688;-0.7058;2.302422;0.01919999;65.18579;141.9237;144.5834;353;9.200001;4.800006;Normal;0.006534994;0.5471637
SceneName;1.00;0.00;0.00;-0.00;625;677;688;-0.7058;2.302422;0.01919999;65.18579;141.9237;144.5834;353;9.200001;4.800006;Normal;0.006043792;0.5532075
SceneName;1.00;0.00;0.00;-0.00;625;677;688;-0.7058;2.302422;0.01919999;65.18579;141.9237;144.5834;353;9.200001;4.800006;Normal;0.005038559;0.558246
SceneName;1.00;0.00;0.00;-0.00;625;677;688;-0.7058;2.302422;0.01919999;65.18579;141.9237;144.5834;353;9.200001;4.800006;Normal;0.005308032;0.563554
SceneName;1.00;0.00;0.00;-0.00;625;677;688;-0.7058;2.302422;0.01919999;65.18579;141.9237;144.5834;353;9.200001;4.800006;Normal;0.007510185;0.5710642
SceneName;1.00;0.00;0.00;-0.00;625;677;688;-0.7058;2.302422;0.01919999;65.18579;141.9237;144.5834;353;9.200001;4.800006;Normal;0.004960597;0.5760248
SceneName;1.00;0.01;0.00;-0.00;625;677;689;-0.7058;2.302422;0.01919999;65.18579;141.9237;144.5834;353;9.200001;4.800006;Normal;0.004697323;0.5807222
SceneName;1.00;0.01;0.00;-0.00;625;677;688;-0.7058;2.302422;0.01919999;64.24393;143.452;145.9653;353;9.200001;4.39999;Normal;0.005387783;0.5861099
SceneName;1.00;0.01;0.00;-0.00;625;677;688;-0.7058;2.302422;0.01919999;64.24393;143.452;145.9653;353;9.200001;4.800006;Normal;0.004593313;0.5907032
SceneName;1.00;0.01;0.00;-0.00;625;676;688;-0.7058;2.302422;0.01919999;64.24393;143.452;145.9653;353;9.200001;4.800006;Normal;0.005228996;0.5959322
SceneName;1.00;0.01;0.00;-0.00;625;677;688;-0.7058;2.302422;0.01919999;64.24393;143.452;145.9653;353;9.600003;4.800006;Normal;0.004830599;0.6007628
SceneName;1.00;0.01;0.00;-0.00;625;677;688;-0.7058;2.302422;0.01919999;64.24393;143.452;145.9653;353;9.200001;4.800006;Normal;0.005385518;0.6061484
SceneName;1.00;0.01;0.00;-0.00;625;677;688;-0.7058;2.302422;0.01919999;64.24393;143.452;145.9653;353;9.200001;4.800006;Normal;0.005001009;0.6111494
SceneName;1.00;0.01;0.00;-0.00;625;677;688;-0.7058;2.302422;0.01919999;64.24393;143.452;145.9653;353;9.200001;4.800006;Normal;0.005105972;0.6162553
SceneName;1.00;0.01;0.00;-0.00;625;677;688;-0.7058;2.302422;0.01919999;64.24393;143.452;145.9653;353;9.200001;4.800006;Normal;0.004730225;0.6209856
SceneName;1.00;0.01;0.00;-0.00;625;677;688;-0.7058;2.302422;0.01919999;64.24393;143.452;145.9653;353;9.200001;4.800006;Normal;0.005024672;0.6260102
SceneName;1.00;0.01;0.00;-0.00;625;676;688;-0.7058;2.302422;0.01919999;64.24393;143.452;145.9653;353;9.200001;4.800006;Normal;0.004520476;0.6305307
SceneName;1.00;0.01;0.00;-0.00;625;677;688;-0.7058;2.302422;0.01919999;64.24393;143.452;145.9653;353;9.600003;4.800006;Normal;0.004756212;0.6352869
SceneName;1.00;0.01;0.00;-0.00;625;677;688;-0.7058;2.302422;0.01919999;64.24393;143.452;145.9653;353;9.200001;4.800006;Normal;0.009856701;0.6451436
SceneName;1.00;0.01;0.00;-0.00;625;677;688;-0.7058;2.302422;0.01919999;64.24393;143.452;145.9653;353;9.200001;4.800006;Normal;0.005191386;0.650335
SceneName;1.00;0.01;0.00;-0.00;624;677;688;-0.7058;2.302422;0.01919999;64.24393;143.452;145.9653;353;9.200001;4.800006;Normal;0.00467813;0.6550131
SceneName;1.00;0.01;0.00;-0.00;625;677;688;-0.7058;2.302422;0.01919999;64.24393;143.452;145.9653;352.76;9.200001;4.800006;Normal;0.004577279;0.6595904
SceneName;1.00;0.01;0.00;-0.00;625;677;688;-0.7058;2.302422;0.01919999;64.24393;143.452;145.9653;353;9.200001;4.800006;Normal;0.004636109;0.6642265
SceneName;1.00;0.01;0.00;-0.00;625;677;688;-0.7058;2.302422;0.01919999;64.24393;143.452;145.9653;353;9.200001;4.800006;Normal;0.005113602;0.6693401
SceneName;1.00;0.01;0.00;-0.00;625;677;688;-0.7058;2.302422;0.01919999;64.24393;143.452;145.9653;353;9.200001;4.800006;Normal;0.007706702;0.6770468
SceneName;1.00;0.01;0.00;-0.00;625;677;688;-0.7058;2.302422;0.01919999;64.24393;143.452;145.9653;353;9.200001;4.800006;Normal;0.00619179;0.6832386
SceneName;1.00;0.01;0.00;-0.00;625;677;688;-0.7058;2.302422;0.01919999;64.24393;143.452;145.9653;353;9.200001;4.800006;Normal;0.005853713;0.6890923
SceneName;1.00;0.01;0.00;-0.00;625;677;687;-0.7058;2.302422;0.01919999;64.24393;143.452;145.9653;353;9.200001;4.800006;Normal;0.005155087;0.6942474
SceneName;1.00;0.01;0.00;-0.00;625;677;688;-0.7058;2.302422;0.01919999;64.24393;143.452;145.9653;353;9.200001;5.199996;Normal;0.005006194;0.6992536
SceneName;1.00;0.01;0.00;-0.00;625;677;688;-0.7058;2.302422;0.01919999;64.24393;143.452;145.9653;353;9.200001;4.800006;Normal;0.005259097;0.7045127
SceneName;1.00;0.01;0.00;-0.00;625;677;688;-0.7058;2.302422;0.01919999;64.24393;143.452;145.9653;353;9.200001;4.800006;Normal;0.006680012;0.7111927
SceneName;1.00;0.00;0.00;-0.00;625;677;688;-0.7058;2.302422;0.01919999;64.24393;143.452;145.9653;353;9.200001;4.800006;Normal;0.00535363;0.7165464
SceneName;1.00;0.00;0.00;-0.00;625;677;688;-0.7058;2.302422;0.01919999;65.18579;141.9237;144.5834;353;9.200001;4.800006;Normal;0.005629003;0.7221754
SceneName;1.00;0.00;0.00;-0.00;625;677;688;-0.7058;2.302422;0.01919999;65.18579;141.9237;144.5834;353;9.200001;4.800006;Normal;0.00555259;0.7277279
SceneName;1.00;0.00;0.00;-0.00;624;677;687;-0.7058;2.302422;0.01919999;65.18579;141.9237;144.5834;353;9.200001;4.800006;Normal;0.005405009;0.733133
SceneName;1.00;0.00;0.00;-0.00;625;677;688;-0.7058;2.302422;0.01919999;65.18579;141.9237;144.5834;352.76;9.200001;5.199996;Normal;0.005040884;0.7381738
SceneName;1.00;0.00;0.00;-0.00;625;677;688;-0.7058;2.302422;0.01919999;65.18579;141.9237;144.5834;353;9.200001;4.800006;Normal;0.005039811;0.7432137
SceneName;1.00;0.01;0.00;-0.00;625;677;688;-0.7058;2.302422;0.01919999;65.18579;141.9237;144.5834;353;9.200001;4.800006;Normal;0.005444765;0.7486584
SceneName;1.00;0.01;0.00;-0.00;625;677;688;-0.7058;2.302422;0.01919999;64.24393;143.452;145.9653;353;9.200001;4.800006;Normal;0.005346119;0.7540045
SceneName;1.00;0.01;0.00;-0.00;625;676;688;-0.7058;2.302422;0.01919999;64.24393;143.452;145.9653;353;9.200001;4.800006;Normal;0.005134404;0.7591389
SceneName;1.00;0.01;0.00;-0.00;625;677;688;-0.7058;2.302422;0.01919999;64.24393;143.452;145.9653;353;9.600003;4.800006;Normal;0.00517422;0.7643132
SceneName;1.00;0.01;0.00;-0.00;625;677;688;-0.7058;2.302422;0.01919999;64.24393;143.452;145.9653;353;9.200001;4.800006;Normal;0.005568981;0.7698821
SceneName;1.00;0.01;0.00;-0.01;625;677;688;-0.7058;2.302422;0.01919999;64.24393;143.452;145.9653;353;9.200001;4.800006;Normal;0.005050421;0.7749326
SceneName;1.00;0.01;0.00;-0.01;625;677;688;-0.7058;2.302422;0.01919999;64.25044;143.4737;144.8391;353;9.200001;4.800006;Normal;0.004840851;0.7797734
SceneName;1.00;0.01;0.00;-0.01;625;677;688;-0.7058;2.302422;0.01919999;64.25044;143.4737;144.8391;353;9.200001;4.800006;Normal;0.004900038;0.7846735
SceneName;1.00;0.01;0.00;-0.01;625;677;688;-0.7058;2.302422;0.01919999;64.25044;143.4737;144.8391;353;9.200001;4.800006;Normal;0.005324066;0.7899975
SceneName;1.00;0.01;0.00;-0.01;625;677;688;-0.7058;2.302422;0.01919999;64.25044;143.4737;144.8391;353;9.200001;4.800006;Normal;0.005200803;0.7951983
SceneName;1.00;0.01;0.00;-0.01;625;677;688;-0.7058;2.302422;0.01919999;64.25044;143.4737;144.8391;353;9.200001;4.800006;Normal;0.004902601;0.8001009
SceneName;1.00;0.01;0.00;-0.01;625;677;688;-0.7058;2.302422;0.01919999;64.25044;143.4737;144.8391;353;9.200001;4.800006;Normal;0.005023122;0.805124
SceneName;1.00;0.01;0.00;-0.01;625;677;687;-0.7058;2.302422;0.01919999;64.25044;143.4737;144.8391;353;9.200001;4.800006;Normal;0.004602492;0.8097265
SceneName;1.00;0.01;0.00;-0.01;625;677;688;-0.7058;2.302422;0.01919999;64.25044;143.4737;144.8391;353;9.200001;5.199996;Normal;0.004739702;0.8144662
SceneName;1.00;0.01;0.00;-0.01;625;677;688;-0.7058;2.302422;0.01919999;64.25044;143.4737;144.8391;353;9.200001;4.800006;Normal;0.00456953;0.8190358
SceneName;1.00;0.01;0.00;-0.01;625;677;687;-0.7058;2.302422;0.01919999;64.25044;143.4737;144.8391;353;9.200001;4.800006;Normal;0.004513502;0.8235493
SceneName;1.00;0.01;0.00;-0.01;625;676;688;-0.7058;2.302422;0.01919999;64.25044;143.4737;144.8391;353;9.200001;5.199996;Normal;0.006707549;0.8302568
SceneName;1.00;0.01;0.00;-0.01;625;677;688;-0.7058;2.302422;0.01919999;64.25044;143.4737;144.8391;353;9.600003;4.800006;Normal;0.006491005;0.8367478
SceneName;1.00;0.01;0.00;-0.00;625;677;688;-0.7058;2.302422;0.01919999;64.25044;143.4737;144.8391;353;9.200001;4.800006;Normal;0.006944418;0.8436922
SceneName;1.00;0.01;0.00;-0.00;625;677;688;-0.7058;2.302422;0.01919999;64.24393;143.452;145.9653;353;9.200001;4.800006;Normal;0.009149075;0.8528413
SceneName;1.00;0.01;0.00;-0.00;625;677;688;-0.7058;2.302422;0.01919999;64.24393;143.452;145.9653;353;9.200001;4.800006;Normal;0.00779295;0.8606343
SceneName;1.00;0.00;0.00;-0.00;625;677;688;-0.7058;2.302422;0.01919999;64.24393;143.452;145.9653;353;9.200001;4.800006;Normal;0.009832263;0.8704665
SceneName;1.00;0.00;0.00;-0.00;625;677;688;-0.7058;2.302422;0.01919999;65.18579;141.9237;144.5834;353;9.200001;4.800006;Normal;0.006096005;0.8765625
SceneName;1.00;0.00;0.00;-0.00;625;677;688;-0.7058;2.302422;0.01919999;65.18579;141.9237;144.5834;353;9.200001;4.800006;Normal;0.006996512;0.883559
SceneName;1.00;0.00;0.00;-0.00;625;677;687;-0.7058;2.302422;0.01919999;65.18579;141.9237;144.5834;353;9.200001;4.800006;Normal;0.006727397;0.8902864
SceneName;1.00;0.00;0.00;-0.01;625;677;688;-0.7058;2.302422;0.01919999;65.18579;141.9237;144.5834;353;9.200001;5.199996;Normal;0.007109106;0.8973956
SceneName;1.00;0.00;0.00;-0.01;625;677;688;-0.7058;2.302422;0.01919999;65.18579;141.9237;143.4375;353;9.200001;4.800006;Normal;0.005805314;0.9032009
SceneName;1.00;0.00;0.00;-0.01;625;676;688;-0.7058;2.302422;0.01919999;65.18579;141.9237;143.4375;353;9.200001;4.800006;Normal;0.008019149;0.91122
SceneName;1.00;0.00;0.00;-0.01;624;677;688;-0.7058;2.302422;0.01919999;65.18579;141.9237;143.4375;353;9.600003;4.800006;Normal;0.01008952;0.9213095
SceneName;1.00;0.00;0.00;-0.01;624;676;688;-0.7058;2.302422;0.01919999;65.18579;141.9237;143.4375;352.76;9.200001;4.800006;Normal;0.00595361;0.9272631
SceneName;1.00;0.00;0.00;-0.01;625;677;687;-0.7058;2.302422;0.01919999;65.18579;141.9237;143.4375;352.76;9.600003;4.800006;Normal;0.005007803;0.9322709
SceneName;1.00;0.00;0.00;-0.01;625;677;687;-0.7058;2.302422;0.01919999;65.18579;141.9237;143.4375;353;9.200001;5.199996;Normal;0.004796088;0.937067
SceneName;1.00;0.00;0.00;-0.01;625;677;687;-0.7058;2.302422;0.01919999;65.18579;141.9237;143.4375;353;9.200001;5.199996;Normal;0.004771113;0.9418381
SceneName;1.00;0.00;0.00;-0.01;625;677;687;-0.7058;2.302422;0.01919999;65.18579;141.9237;143.4375;353;9.200001;5.199996;Normal;0.005119979;0.9469581
SceneName;1.00;0.00;0.00;-0.01;625;677;688;-0.7058;2.302422;0.01919999;65.18579;141.9237;143.4375;353;9.200001;5.199996;Normal;0.004822731;0.9517809
SceneName;1.00;0.00;0.00;-0.01;625;677;688;-0.7058;2.302422;0.01919999;65.18579;141.9237;143.4375;353;9.200001;4.800006;Normal;0.004532278;0.9563131
SceneName;1.00;0.00;0.00;-0.01;625;677;688;-0.7058;2.302422;0.01919999;65.18579;141.9237;143.4375;353;9.200001;4.800006;Normal;0.004725635;0.9610388
SceneName;1.00;0.00;0.00;-0.01;625;677;688;-0.7058;2.302422;0.01919999;65.18579;141.9237;143.4375;353;9.200001;4.800006;Normal;0.004855454;0.9658942
SceneName;1.00;0.00;0.00;-0.01;625;676;688;-0.7058;2.302422;0.01919999;65.18579;141.9237;143.4375;353;9.200001;4.800006;Normal;0.004701614;0.9705958
SceneName;1.00;0.00;0.00;-0.01;625;677;688;-0.7058;2.302422;0.01919999;65.18579;141.9237;143.4375;353;9.600003;4.800006;Normal;0.004679978;0.9752758
SceneName;1.00;0.00;0.00;-0.01;625;677;688;-0.7058;2.302422;0.01919999;65.18579;141.9237;143.4375;353;9.200001;4.800006;Normal;0.004642725;0.9799185
SceneName;1.00;0.00;0.00;-0.01;625;676;688;-0.7058;2.302422;0.01919999;65.18579;141.9237;143.4375;353;9.200001;4.800006;Normal;0.004949808;0.9848683
SceneName;1.00;0.00;0.00;-0.01;625;677;688;-0.7058;2.302422;0.01919999;65.18579;141.9237;143.4375;353;9.600003;4.800006;Normal;0.004939973;0.9898083
SceneName;1.00;0.00;0.00;-0.01;624;676;688;-0.7058;2.302422;0.01919999;65.18579;141.9237;143.4375;353;9.200001;4.800006;Normal;0.004741848;0.9945502
SceneName;1.00;0.00;0.00;-0.01;625;677;687;-0.7058;2.302422;0.01919999;65.18579;141.9237;143.4375;352.76;9.600003;4.800006;Normal;0.004582167;0.9991323
SceneName;1.00;0.00;0.00;-0.01;625;677;688;-0.7058;2.302422;0.01919999;65.18579;141.9237;143.4375;353;9.200001;5.199996;Normal;0.004807174;1.00394
SceneName;1.00;0.00;0.00;-0.01;625;676;688;-0.7058;2.302422;0.01919999;65.18579;141.9237;143.4375;353;9.200001;4.800006;Normal;0.005132556;1.009072
SceneName;1.00;0.00;0.00;-0.01;625;677;688;-0.7058;2.302422;0.01919999;65.18579;141.9237;143.4375;353;9.600003;4.800006;Normal;0.004749775;1.013822
SceneName;1.00;0.00;0.00;-0.01;625;676;688;-0.7058;2.302422;0.01919999;65.18579;141.9237;143.4375;353;9.200001;4.800006;Normal;0.004969716;1.018792
SceneName;1.00;0.00;0.00;-0.01;625;677;688;-0.7058;2.302422;0.01919999;65.18579;141.9237;143.4375;353;9.600003;4.800006;Normal;0.004477739;1.023269
SceneName;1.00;0.00;0.00;-0.01;625;676;688;-0.7058;2.302422;0.01919999;65.18579;141.9237;143.4375;353;9.200001;4.800006;Normal;0.005225301;1.028495
SceneName;1.00;0.00;0.01;-0.01;625;676;688;-0.7058;2.302422;0.01919999;65.18579;141.9237;143.4375;353;9.600003;4.800006;Normal;0.004591823;1.033086
SceneName;1.00;0.00;0.01;-0.01;625;676;688;-0.7058;2.302422;0.01919999;64.49667;139.7701;141.4881;353;9.600003;4.800006;Normal;0.004629612;1.037716
SceneName;1.00;0.00;0.01;-0.01;625;676;688;-0.7058;2.302422;0.01919999;64.49667;139.7701;141.4881;353;9.600003;4.800006;Normal;0.004672766;1.042389
SceneName;1.00;0.00;0.01;-0.01;625;676;688;-0.7058;2.302422;0.01919999;64.49667;139.7701;141.4881;353;9.600003;4.800006;Normal;0.00494802;1.047337
SceneName;1.00;0.00;0.01;-0.01;625;676;688;-0.7058;2.302422;0.01919999;64.49667;139.7701;141.4881;353;9.600003;4.800006;Normal;0.00463903;1.051976
SceneName;1.00;0.00;0.01;-0.01;625;675;689;-0.7058;2.302422;0.01919999;64.49667;139.7701;141.4881;353;9.600003;4.800006;Normal;0.004411101;1.056387
SceneName;1.00;0.00;0.01;-0.01;625;675;689;-0.7058;2.302422;0.01919999;64.49667;139.7701;141.4881;353;10.00001;4.39999;Normal;0.004878044;1.061265
SceneName;1.00;0.00;0.01;-0.01;626;675;689;-0.7058;2.302422;0.01919999;64.49667;139.7701;141.4881;353;10.00001;4.39999;Normal;0.005050302;1.066315
SceneName;1.00;-0.00;0.01;-0.02;626;675;689;-0.7058;2.302422;0.01919999;64.49667;139.7701;141.4881;353.24;10.00001;4.39999;Normal;0.004601836;1.070917
SceneName;1.00;-0.00;0.01;-0.02;626;674;689;-0.7058;2.302422;0.01919999;64.48778;139.7869;140.3577;353.24;10.00001;4.39999;Normal;0.005018473;1.075936
SceneName;1.00;-0.00;0.01;-0.02;626;674;689;-0.7058;2.302422;0.01919999;64.48778;139.7869;140.3577;353.24;10.4;4.39999;Normal;0.004487753;1.080423
SceneName;1.00;-0.00;0.01;-0.02;626;674;690;-0.7058;2.302422;0.01919999;64.48778;139.7869;140.3577;353.24;10.4;4.39999;Normal;0.004989147;1.085413
SceneName;1.00;-0.00;0.02;-0.02;626;674;690;-0.7058;2.302422;0.01919999;64.48778;139.7869;140.3577;353.24;10.4;4;Normal;0.004491568;1.089904
SceneName;1.00;-0.00;0.02;-0.02;626;673;690;-0.7058;2.302422;0.01919999;63.76052;137.759;138.5331;353.24;10.4;4;Normal;0.004725575;1.09463
SceneName;1.00;-0.01;0.02;-0.03;627;674;690;-0.7058;2.302422;0.01919999;63.76052;137.759;138.5331;353.24;10.8;4;Normal;0.00442481;1.099054
SceneName;1.00;-0.01;0.02;-0.03;627;674;689;-0.7058;2.302422;0.01919999;64.59895;136.0469;135.8242;353.48;10.4;4;Normal;0.004774928;1.103829
SceneName;1.00;-0.01;0.03;-0.03;627;674;689;-0.7058;2.302422;0.01919999;64.59895;136.0469;135.8242;353.48;10.4;4.39999;Normal;0.005290747;1.10912
SceneName;1.00;-0.01;0.03;-0.04;628;674;689;-0.7058;2.302422;0.01919999;63.8137;134.1329;134.1123;353.48;10.4;4.39999;Normal;0.004788876;1.113909
SceneName;1.00;-0.01;0.03;-0.04;628;674;689;-0.7058;2.302422;0.01919999;63.78178;134.1714;133.0034;353.72;10.4;4.39999;Normal;0.005842209;1.119751
SceneName;1.00;-0.02;0.04;-0.04;628;673;689;-0.7058;2.302422;0.01919999;63.78178;134.1714;133.0034;353.72;10.4;4.39999;Normal;0.005109668;1.124861
SceneName;1.00;-0.02;0.04;-0.05;629;673;689;-0.7058;2.302422;0.01919999;63.74345;130.5145;129.7003;353.72;10.8;4.39999;Normal;0.005523443;1.130384
SceneName;1.00;-0.02;0.05;-0.05;629;673;689;-0.7058;2.302422;0.01919999;63.69693;130.5619;128.6015;353.96;10.8;4.39999;Normal;0.004878402;1.135263
SceneName;1.00;-0.03;0.05;-0.05;628;673;689;-0.7058;2.302422;0.01919999;62.83173;128.9057;127.1451;353.96;10.8;4.39999;Normal;0.004551768;1.139814
SceneName;1.00;-0.03;0.06;-0.05;629;673;690;-0.7058;2.302422;0.01919999;63.55142;126.9426;125.3359;353.72;10.8;4.39999;Normal;0.004728198;1.144543
SceneName;1.00;-0.04;0.06;-0.06;628;674;690;-0.7058;2.302422;0.01919999;62.6473;125.4076;124.0011;353.96;10.8;4;Normal;0.0049932;1.149536
SceneName;1.00;-0.04;0.06;-0.06;628;674;673;-0.7058;2.302422;0.01919999;63.24123;123.4534;121.0555;353.72;10.4;4;Normal;0.004613996;1.15415
SceneName;0.99;-0.04;0.07;-0.07;628;677;666;-0.7058;2.302422;0.01919999;63.24123;123.4534;121.0555;353.72;10.4;10.8;Normal;0.004572511;1.158722
SceneName;0.99;-0.05;0.07;-0.07;628;681;666;-0.7058;2.302422;0.01919999;62.17049;121.9997;118.5947;353.72;9.200001;13.60001;Normal;0.004628897;1.163351
SceneName;0.99;-0.05;0.08;-0.07;629;687;670;-0.7058;2.302422;0.01919999;62.77242;119.8882;116.6414;353.72;7.600002;13.60001;Normal;0.005071878;1.168423
SceneName;0.99;-0.05;0.08;-0.08;630;697;694;-0.7058;2.302422;0.01919999;61.78231;118.6511;115.6039;353.96;5.199996;12;Normal;0.00455904;1.172982
SceneName;0.99;-0.06;0.09;-0.08;631;706;694;-0.7058;2.302422;0.01919999;61.69104;118.7758;114.5732;354.2;1.200005;2.400001;Normal;0.004562974;1.177545
SceneName;0.99;-0.06;0.09;-0.08;631;716;696;-0.7058;2.302422;0.01919999;61.21224;115.5483;111.7035;354.44;357.6;2.400001;Normal;0.00457418;1.182119
SceneName;0.99;-0.06;0.09;-0.09;632;728;708;-0.7058;2.302422;0.01919999;61.21224;115.5483;111.7035;354.44;353.6;1.600008;Normal;0.005234718;1.187354
SceneName;0.99;-0.07;0.10;-0.09;633;738;719;-0.7058;2.302422;0.01919999;61.11074;115.6963;110.6975;354.68;348.8;356.8;Normal;0.00466466;1.192019
SceneName;0.99;-0.07;0.10;-0.09;634;746;710;-0.7058;2.302422;0.01919999;60.54786;112.6042;107.9631;354.92;344.8;352.4;Normal;0.004546523;1.196565
SceneName;0.99;-0.07;0.10;-0.09;635;755;715;-0.7058;2.302422;0.01919999;60.54786;112.6042;107.9631;355.16;341.6;356;Normal;0.004811645;1.201377
SceneName;0.99;-0.08;0.10;-0.09;637;767;718;-0.7058;2.302422;0.01919999;60.54786;112.6042;107.9631;355.4;338;354;Normal;0.005410433;1.206787
SceneName;0.99;-0.08;0.11;-0.09;639;777;722;-0.7058;2.302422;0.01919999;60.97599;110.4525;105.9712;355.88;333.2;352.8;Normal;0.004785538;1.211573
SceneName;0.99;-0.08;0.11;-0.09;642;785;726;-0.7058;2.302422;0.01919999;59.91743;109.6349;105.3511;356.36;329.2;351.2;Normal;0.006313443;1.217886
SceneName;0.99;-0.08;0.11;-0.09;646;791;729;-0.7058;2.302422;0.01919999;59.91743;109.6349;105.3511;357.08;326;349.6;Normal;0.004716277;1.222603
SceneName;0.99;-0.08;0.11;-0.09;650;795;732;-0.7058;2.302422;0.01919999;59.91743;109.6349;105.3511;358.04;323.6;348.4;Normal;0.005274892;1.227877
SceneName;0.99;-0.09;0.11;-0.09;653;799;735;-0.7058;2.302422;0.01919999;59.91743;109.6349;105.3511;359;322;347.2;Normal;0.004726291;1.232604
SceneName;0.99;-0.09;0.11;-0.09;656;801;737;-0.7058;2.302422;0.01919999;60.29594;107.4971;103.3726;359.72;320.4;346;Normal;0.004762292;1.237366
SceneName;0.99;-0.09;0.11;-0.09;658;802;739;-0.7058;2.302422;0.01919999;60.29594;107.4971;103.3726;0.44;319.6;345.2;Normal;0.004759908;1.242126
SceneName;0.98;-0.09;0.11;-0.09;660;806;741;-0.7058;2.302422;0.01919999;60.29594;107.4971;103.3726;0.9200001;319.2;344.4;Normal;0.005213976;1.24734
SceneName;0.98;-0.09;0.12;-0.09;661;808;741;-0.7058;2.302422;0.01919999;60.19664;107.2363;103.0429;1.4;317.6;343.6;Normal;0.004798889;1.252139
SceneName;0.98;-0.10;0.12;-0.09;662;809;742;-0.7058;2.302422;0.01919999;59.11333;106.5379;102.5444;1.64;316.8;343.6;Normal;0.00461781;1.256757
SceneName;0.98;-0.10;0.12;-0.09;662;811;743;-0.7058;2.302422;0.01919999;59.4421;104.4075;100.5743;1.88;316.4;343.2;Normal;0.004824996;1.261582
SceneName;0.98;-0.10;0.12;-0.09;663;812;744;-0.7058;2.302422;0.01919999;59.4421;104.4075;100.5743;1.88;315.6;342.8;Normal;0.005249739;1.266831
SceneName;0.98;-0.10;0.12;-0.09;664;813;746;-0.7058;2.302422;0.01919999;59.4421;104.4075;100.5743;2.12;315.2;342.4;Normal;0.004810691;1.271642
SceneName;0.98;-0.10;0.12;-0.09;667;816;747;-0.7058;2.302422;0.01919999;59.4421;104.4075;100.5743;2.36;314.8;341.6;Normal;0.004603386;1.276245
SceneName;0.98;-0.10;0.13;-0.09;670;816;749;-0.7058;2.302422;0.01919999;59.4421;104.4075;100.5743;3.08;313.6;341.2;Normal;0.00470674;1.280952
SceneName;0.98;-0.11;0.13;-0.08;674;818;751;-0.7058;2.302422;0.01919999;58.34965;103.8161;100.1831;3.800001;313.6;340.4;Normal;0.00518167;1.286134
SceneName;0.98;-0.11;0.13;-0.08;677;819;751;-0.7058;2.302422;0.01919999;58.77995;101.4715;99.16096;4.76;312.8;339.6;Normal;0.004642367;1.290776
SceneName;0.98;-0.11;0.13;-0.08;681;818;752;-0.7058;2.302422;0.01919999;58.77995;101.4715;99.16096;5.48;312.4;339.6;Normal;0.004629016;1.295405
SceneName;0.98;-0.12;0.14;-0.08;684;819;753;-0.7058;2.302422;0.01919999;58.77995;101.4715;99.16096;6.44;312.8;339.2;Normal;0.004663229;1.300068
SceneName;0.98;-0.12;0.14;-0.08;688;819;756;-0.7058;2.302422;0.01919999;57.92732;98.89922;96.94805;7.159999;312.4;338.8;Normal;0.00515914;1.305228
SceneName;0.98;-0.13;0.14;-0.08;691;819;759;-0.7058;2.302422;0.01919999;57.92732;98.89922;96.94805;8.12;312.4;337.6;Normal;0.004958391;1.310186
SceneName;0.98;-0.13;0.14;-0.08;692;819;764;-0.7058;2.302422;0.01919999;58.13515;96.81197;95.0172;8.84;312.4;336.4;Normal;0.004936457;1.315122
SceneName;0.98;-0.13;0.14;-0.08;691;818;767;-0.7058;2.302422;0.01919999;58.13515;96.81197;95.0172;9.080001;312.4;334.4;Normal;0.006325006;1.321447
SceneName;0.98;-0.13;0.14;-0.08;692;819;772;-0.7058;2.302422;0.01919999;58.13515;96.81197;95.0172;8.84;312.8;333.2;Normal;0.005716801;1.327164
SceneName;0.98;-0.13;0.15;-0.08;692;818;776;-0.7058;2.302422;0.01919999;58.13515;96.81197;95.0172;9.080001;312.4;331.2;Normal;0.005186439;1.332351
SceneName;0.98;-0.14;0.15;-0.08;693;816;780;-0.7058;2.302422;0.01919999;57.02946;96.46271;94.87062;9.080001;312.8;329.6;Normal;0.004980326;1.337331
SceneName;0.98;-0.14;0.15;-0.08;692;815;784;-0.7058;2.302422;0.01919999;57.19665;94.42621;92.98981;9.320001;313.6;328;Normal;0.004815936;1.342147
SceneName;0.97;-0.14;0.15;-0.08;693;813;788;-0.7058;2.302422;0.01919999;57.19665;94.42621;92.98981;9.080001;314;326.4;Normal;0.005100369;1.347247
SceneName;0.97;-0.14;0.16;-0.08;692;811;790;-0.7058;2.302422;0.01919999;57.0327;94.11529;92.63696;9.320001;314.8;324.8;Normal;0.00462842;1.351876
SceneName;0.97;-0.14;0.16;-0.09;691;808;792;-0.7058;2.302422;0.01919999;55.91636;93.85549;92.58228;9.080001;315.6;324;Normal;0.004664183;1.35654
SceneName;0.97;-0.14;0.16;-0.09;691;805;794;-0.7058;2.302422;0.01919999;55.74804;94.1731;91.72606;8.84;316.8;323.2;Normal;0.004690528;1.36123
SceneName;0.97;-0.14;0.17;-0.09;691;801;795;-0.7058;2.302422;0.01919999;55.74804;94.1731;91.72606;8.84;318;322.4;Normal;0.004972577;1.366203
SceneName;0.97;-0.14;0.17;-0.09;690;798;796;-0.7058;2.302422;0.01919999;54.63542;93.93347;91.69041;8.84;319.6;322;Normal;0.004725695;1.370929
SceneName;0.97;-0.14;0.17;-0.09;689;793;796;-0.7058;2.302422;0.01919999;54.63542;93.93347;91.69041;8.6;320.8;321.6;Normal;0.004673481;1.375602
SceneName;0.97;-0.14;0.17;-0.09;688;789;795;-0.7058;2.302422;0.01919999;54.63542;93.93347;91.69041;8.359999;322.8;321.6;Normal;0.004730105;1.380332
SceneName;0.97;-0.14;0.17;-0.09;686;786;794;-0.7058;2.302422;0.01919999;54.63542;93.93347;91.69041;8.12;324.4;322;Normal;0.005075693;1.385408
SceneName;0.97;-0.14;0.17;-0.09;685;784;793;-0.7058;2.302422;0.01919999;54.63542;93.93347;91.69041;7.639999;325.6;322.4;Normal;0.004625201;1.390033
SceneName;0.97;-0.14;0.16;-0.10;683;779;790;-0.7058;2.302422;0.01919999;54.63542;93.93347;91.69041;7.4;326.4;322.8;Normal;0.004795551;1.394829
SceneName;0.97;-0.14;0.16;-0.10;683;773;789;-0.7058;2.302422;0.01919999;55.58269;94.49319;90.87341;6.92;328.4;324;Normal;0.004441619;1.39927
SceneName;0.97;-0.14;0.16;-0.10;682;763;787;-0.7058;2.302422;0.01919999;55.58269;94.49319;90.87341;6.92;330.8;324.4;Normal;0.005002379;1.404273
SceneName;0.97;-0.14;0.16;-0.11;681;745;785;-0.7058;2.302422;0.01919999;55.58269;94.49319;90.87341;6.68;334.8;325.2;Normal;0.005241394;1.409514
SceneName;0.97;-0.14;0.16;-0.11;680;722;782;-0.7058;2.302422;0.01919999;55.42037;94.81559;90.02438;6.44;342;326;Normal;0.004526377;1.414041
SceneName;0.97;-0.14;0.16;-0.11;679;703;779;-0.7058;2.302422;0.01919999;55.42037;94.81559;90.02438;6.2;351.2;327.2;Normal;0.005120039;1.419161
SceneName;0.97;-0.14;0.16;-0.12;678;688;777;-0.7058;2.302422;0.01919999;55.42037;94.81559;90.02438;5.96;358.8;328.4;Normal;0.004655838;1.423816
SceneName;0.97;-0.14;0.15;-0.12;678;675;774;-0.7058;2.302422;0.01919999;55.2611;95.14013;89.17905;5.719999;4.800006;329.2;Normal;0.004979849;1.428796
SceneName;0.97;-0.14;0.15;-0.12;678;665;772;-0.7058;2.302422;0.01919999;56.37567;95.35709;89.19794;5.719999;10.00001;330.4;Normal;0.004974604;1.433771
SceneName;0.97;-0.14;0.15;-0.12;677;651;771;-0.7058;2.302422;0.01919999;56.37567;95.35709;89.19794;5.719999;14;331.2;Normal;0.004551649;1.438323
SceneName;0.97;-0.14;0.15;-0.12;677;640;769;-0.7058;2.302422;0.01919999;56.37567;95.35709;89.19794;5.48;19.6;331.6;Normal;0.004888892;1.443211
SceneName;0.97;-0.14;0.15;-0.12;677;630;767;-0.7058;2.302422;0.01919999;56.37567;95.35709;89.19794;5.48;24;332.4;Normal;0.005157828;1.448369
SceneName;0.97;-0.13;0.15;-0.12;677;623;766;-0.7058;2.302422;0.01919999;56.37567;95.35709;89.19794;5.48;28;333.2;Normal;0.004997015;1.453366
SceneName;0.97;-0.13;0.14;-0.12;678;616;766;-0.7058;2.302422;0.01919999;56.23524;97.36823;91.04385;5.48;30.80001;333.6;Normal;0.004769325;1.458136
SceneName;0.97;-0.13;0.14;-0.12;678;612;765;-0.7058;2.302422;0.01919999;57.35151;97.65987;91.13789;5.719999;33.60001;333.6;Normal;0.004822731;1.462958
SceneName;0.97;-0.13;0.14;-0.12;678;608;763;-0.7058;2.302422;0.01919999;57.35151;97.65987;91.13789;5.719999;35.20001;334;Normal;0.005197287;1.468156
SceneName;0.97;-0.13;0.14;-0.12;678;606;763;-0.7058;2.302422;0.01919999;57.35151;97.65987;91.13789;5.719999;36.8;334.8;Normal;0.004645228;1.472801
SceneName;0.97;-0.13;0.14;-0.13;679;603;762;-0.7058;2.302422;0.01919999;57.35151;97.65987;91.13789;5.719999;37.60001;334.8;Normal;0.004688144;1.477489
SceneName;0.97;-0.13;0.14;-0.13;678;601;761;-0.7058;2.302422;0.01919999;57.19954;97.95529;90.26707;5.96;38.8;335.2;Normal;0.004994392;1.482483
SceneName;0.97;-0.13;0.14;-0.13;679;600;760;-0.7058;2.302422;0.01919999;57.19954;97.95529;90.26707;5.719999;39.60001;335.6;Normal;0.005067945;1.487551
SceneName;0.97;-0.13;0.14;-0.13;679;599;757;-0.7058;2.302422;0.01919999;57.19954;97.95529;90.26707;5.96;40;336;Normal;0.004631996;1.492183
SceneName;0.97;-0.13;0.13;-0.14;679;597;757;-0.7058;2.302422;0.01919999;57.19954;97.95529;90.26707;5.96;40.39999;337.2;Normal;0.004943013;1.497126
SceneName;0.97;-0.13;0.13;-0.14;679;597;755;-0.7058;2.302422;0.01919999;58.1683;98.5335;89.48794;5.96;41.2;337.2;Normal;0.004947066;1.502073
SceneName;0.97;-0.13;0.13;-0.14;678;595;754;-0.7058;2.302422;0.01919999;58.1683;98.5335;89.48794;5.96;41.2;338;Normal;0.005306482;1.50738
SceneName;0.97;-0.13;0.13;-0.14;678;594;753;-0.7058;2.302422;0.01919999;58.1683;98.5335;89.48794;5.719999;42;338.4;Normal;0.005199909;1.51258
SceneName;0.97;-0.13;0.13;-0.14;677;592;752;-0.7058;2.302422;0.01919999;58.1683;98.5335;89.48794;5.719999;42.39999;338.8;Normal;0.004639983;1.51722
SceneName;0.97;-0.13;0.13;-0.14;677;591;751;-0.7058;2.302422;0.01919999;58.1683;98.5335;89.48794;5.48;43.2;339.2;Normal;0.005726933;1.522947
SceneName;0.97;-0.12;0.13;-0.14;677;589;751;-0.7058;2.302422;0.01919999;58.1683;98.5335;89.48794;5.48;43.60001;339.6;Normal;0.005505562;1.528452
SceneName;0.97;-0.12;0.13;-0.14;676;587;750;-0.7058;2.302422;0.01919999;57.99774;100.6482;91.43304;5.48;44.4;339.6;Normal;0.004647613;1.5331
SceneName;0.97;-0.12;0.12;-0.14;676;586;749;-0.7058;2.302422;0.01919999;57.99774;100.6482;91.43304;5.240001;45.2;340;Normal;0.005399704;1.5385
SceneName;0.97;-0.12;0.12;-0.14;676;583;748;-0.7058;2.302422;0.01919999;59.11521;101.0157;91.6077;5.240001;45.60001;340.4;Normal;0.005359769;1.543859
SceneName;0.97;-0.12;0.12;-0.14;676;582;746;-0.7058;2.302422;0.01919999;59.11521;101.0157;91.6077;5.240001;46.80001;340.8;Normal;0.005173206;1.549033
SceneName;0.97;-0.12;0.12;-0.15;675;581;745;-0.7058;2.302422;0.01919999;59.11521;101.0157;91.6077;5.240001;47.2;341.6;Normal;0.004854202;1.553887
SceneName;0.97;-0.12;0.12;-0.15;676;580;744;-0.7058;2.302422;0.01919999;58.97364;101.28;90.71243;5;47.60001;342;Normal;0.004820943;1.558708
SceneName;0.98;-0.12;0.12;-0.15;675;579;743;-0.7058;2.302422;0.01919999;58.97364;101.28;90.71243;5.240001;48;342.4;Normal;0.004944086;1.563652
SceneName;0.98;-0.12;0.12;-0.15;675;578;741;-0.7058;2.302422;0.01919999;59.10868;101.551;91.11642;5;48.40001;342.8;Normal;0.0160104;1.579662
SceneName;0.98;-0.12;0.11;-0.15;675;577;739;-0.7058;2.302422;0.01919999;59.10868;101.551;91.11642;5;48.8;343.6;Normal;0.008372188;1.588034
SceneName;0.98;-0.12;0.11;-0.15;674;576;738;-0.7058;2.302422;0.01919999;60.21614;101.9343;91.31116;5;49.19999;344.4;Normal;0.005134821;1.593169
SceneName;0.98;-0.11;0.11;-0.14;674;577;737;-0.7058;2.302422;0.01919999;60.21614;101.9343;91.31116;4.76;49.60002;344.8;Normal;0.01615334;1.609323
SceneName;0.98;-0.11;0.11;-0.14;673;576;736;-0.7058;2.302422;0.01919999;60.13376;103.9197;94.27428;4.76;49.19999;345.2;Normal;0.008857489;1.61818
SceneName;0.98;-0.11;0.11;-0.14;672;576;735;-0.7058;2.302422;0.01919999;60.13376;103.9197;94.27428;4.52;49.60002;345.6;Normal;0.009318829;1.627499
SceneName;0.98;-0.11;0.11;-0.14;671;576;735;-0.7058;2.302422;0.01919999;60.13376;103.9197;94.27428;4.28;49.60002;346;Normal;0.009076953;1.636576
SceneName;0.98;-0.11;0.11;-0.14;670;577;733;-0.7058;2.302422;0.01919999;60.13376;103.9197;94.27428;4.040001;49.60002;346;Normal;0.004660845;1.641237
SceneName;0.98;-0.11;0.11;-0.14;668;578;733;-0.7058;2.302422;0.01919999;60.13376;103.9197;94.27428;3.800001;49.19999;346.8;Normal;0.01835608;1.659593
SceneName;0.98;-0.11;0.10;-0.14;668;579;732;-0.7058;2.302422;0.01919999;60.13376;103.9197;94.27428;3.32;48.8;346.8;Normal;0.008401513;1.667994
SceneName;0.98;-0.11;0.10;-0.14;665;582;731;-0.7058;2.302422;0.01919999;61.23756;104.422;94.58662;3.32;48.40001;347.2;Normal;0.00522244;1.673217
SceneName;0.98;-0.10;0.10;-0.14;664;587;730;-0.7058;2.302422;0.01919999;61.23756;104.422;94.58662;2.6;47.2;347.6;Normal;0.01674044;1.689957
SceneName;0.98;-0.10;0.10;-0.14;662;598;729;-0.7058;2.302422;0.01919999;60.96777;106.6997;96.6953;2.36;45.2;348;Normal;0.008675218;1.698632
SceneName;0.98;-0.10;0.10;-0.14;661;615;728;-0.7058;2.302422;0.01919999;60.96777;106.6997;96.6953;1.88;40.80001;348.4;Normal;0.00892508;1.707557
SceneName;0.98;-0.10;0.10;-0.15;660;634;726;-0.7058;2.302422;0.01919999;60.96777;106.6997;96.6953;1.64;34.00001;348.8;Normal;0.009193182;1.716751
SceneName;0.98;-0.10;0.10;-0.15;659;652;724;-0.7058;2.302422;0.01919999;60.84161;106.9081;95.75601;1.4;26.4;349.6;Normal;0.004788995;1.72154
SceneName;0.98;-0.10;0.10;-0.15;657;676;723;-0.7058;2.302422;0.01919999;60.84161;106.9081;95.75601;1.16;19.2;350.4;Normal;0.01915038;1.74069
SceneName;0.98;-0.10;0.10;-0.15;656;697;722;-0.7058;2.302422;0.01919999;60.84161;106.9081;95.75601;0.68;9.600003;350.8;Normal;0.007915616;1.748606
SceneName;0.98;-0.10;0.10;-0.15;654;714;721;-0.7058;2.302422;0.01919999;60.84161;106.9081;95.75601;0.44;1.200005;351.2;Normal;0.009657979;1.758264
SceneName;0.98;-0.10;0.10;-0.15;653;731;721;-0.7058;2.302422;0.01919999;60.84161;106.9081;95.75601;359.96;354.4;351.6;Normal;0.004959702;1.763223
SceneName;0.98;-0.10;0.09;-0.15;652;747;720;-0.7058;2.302422;0.01919999;60.84161;106.9081;95.75601;359.72;347.6;351.6;Normal;0.01605523;1.779279
SceneName;0.98;-0.10;0.09;-0.15;652;757;720;-0.7058;2.302422;0.01919999;61.93856;107.5076;96.16792;359.48;341.2;352;Normal;0.009009004;1.788288
SceneName;0.98;-0.10;0.09;-0.15;651;767;720;-0.7058;2.302422;0.01919999;61.93856;107.5076;96.16792;359.48;337.2;352;Normal;0.009364128;1.797652
SceneName;0.98;-0.10;0.09;-0.14;651;773;720;-0.7058;2.302422;0.01919999;61.93856;107.5076;96.16792;359.24;333.2;352;Normal;0.009058714;1.80671
SceneName;0.98;-0.10;0.09;-0.14;651;779;721;-0.7058;2.302422;0.01919999;62.06438;107.3175;97.12366;359.24;330.8;352;Normal;0.005289555;1.812
SceneName;0.98;-0.10;0.09;-0.14;651;785;721;-0.7058;2.302422;0.01919999;62.06438;107.3175;97.12366;359.24;328.4;351.6;Normal;0.01749766;1.829498
SceneName;0.98;-0.10;0.09;-0.14;651;790;723;-0.7058;2.302422;0.01919999;62.06438;107.3175;97.12366;359.24;326;351.6;Normal;0.009107828;1.838605
SceneName;0.98;-0.10;0.09;-0.14;651;795;724;-0.7058;2.302422;0.01919999;62.06438;107.3175;97.12366;359.24;324;350.8;Normal;0.008926034;1.847531
SceneName;0.98;-0.11;0.09;-0.14;652;797;726;-0.7058;2.302422;0.01919999;62.06438;107.3175;97.12366;359.24;322;350.4;Normal;0.009193778;1.856725
SceneName;0.98;-0.11;0.09;-0.14;652;800;727;-0.7058;2.302422;0.01919999;62.34214;104.9566;94.9319;359.48;321.2;349.6;Normal;0.004882574;1.861608
SceneName;0.98;-0.11;0.10;-0.14;652;801;728;-0.7058;2.302422;0.01919999;62.34214;104.9566;94.9319;359.48;320;349.2;Normal;0.01816094;1.879769
SceneName;0.98;-0.11;0.10;-0.14;653;803;729;-0.7058;2.302422;0.01919999;61.23756;104.422;94.58662;359.48;319.6;348.8;Normal;0.008446574;1.888215
SceneName;0.98;-0.11;0.10;-0.14;653;803;729;-0.7058;2.302422;0.01919999;61.23756;104.422;94.58662;359.72;318.8;348.4;Normal;0.009187341;1.897403
SceneName;0.98;-0.11;0.10;-0.13;653;804;730;-0.7058;2.302422;0.01919999;61.23756;104.422;94.58662;359.72;318.8;348.4;Normal;0.009765148;1.907168
SceneName;0.98;-0.11;0.10;-0.13;654;806;731;-0.7058;2.302422;0.01919999;61.37312;104.2075;95.52068;359.72;318.4;348;Normal;0.005230427;1.912398
SceneName;0.98;-0.11;0.10;-0.13;655;808;733;-0.7058;2.302422;0.01919999;61.37312;104.2075;95.52068;359.96;317.6;347.6;Normal;0.01689613;1.929294
SceneName;0.98;-0.11;0.10;-0.13;656;808;734;-0.7058;2.302422;0.01919999;61.37312;104.2075;95.52068;0.2;316.8;346.8;Normal;0.01076293;1.940057
SceneName;0.98;-0.11;0.10;-0.14;658;808;735;-0.7058;2.302422;0.01919999;61.37312;104.2075;95.52068;0.44;316.8;346.4;Normal;0.00545001;1.945507
SceneName;0.98;-0.11;0.10;-0.14;659;809;735;-0.7058;2.302422;0.01919999;61.23756;104.422;94.58662;0.9200001;316.8;346;Normal;0.01439416;1.959901
SceneName;0.98;-0.11;0.10;-0.14;660;808;735;-0.7058;2.302422;0.01919999;61.23756;104.422;94.58662;1.16;316.4;346;Normal;0.00853765;1.968439
SceneName;0.98;-0.12;0.10;-0.14;661;808;735;-0.7058;2.302422;0.01919999;61.23756;104.422;94.58662;1.4;316.8;346;Normal;0.009613156;1.978052
SceneName;0.98;-0.12;0.10;-0.14;661;806;734;-0.7058;2.302422;0.01919999;61.46586;102.1119;92.44505;1.64;316.8;346;Normal;0.008856654;1.986909
SceneName;0.98;-0.12;0.10;-0.14;661;803;733;-0.7058;2.302422;0.01919999;61.46586;102.1119;92.44505;1.64;317.6;346.4;Normal;0.005011797;1.991921
SceneName;0.98;-0.12;0.10;-0.14;661;797;732;-0.7058;2.302422;0.01919999;61.46586;102.1119;92.44505;1.64;318.8;346.8;Normal;0.01770234;2.009623
SceneName;0.98;-0.12;0.10;-0.14;660;791;732;-0.7058;2.302422;0.01919999;61.46586;102.1119;92.44505;1.64;321.2;347.2;Normal;0.009032488;2.018656
SceneName;0.98;-0.12;0.09;-0.14;659;783;731;-0.7058;2.302422;0.01919999;61.46586;102.1119;92.44505;1.4;323.6;347.2;Normal;0.008904457;2.02756
SceneName;0.98;-0.11;0.09;-0.14;659;774;731;-0.7058;2.302422;0.01919999;62.57671;102.5595;92.70329;1.16;326.8;347.6;Normal;0.009148359;2.036708
SceneName;0.98;-0.11;0.09;-0.14;659;761;731;-0.7058;2.302422;0.01919999;62.34214;104.9566;94.9319;1.16;330.4;347.6;Normal;0.004682302;2.041391
SceneName;0.98;-0.11;0.09;-0.14;659;748;733;-0.7058;2.302422;0.01919999;62.34214;104.9566;94.9319;1.16;335.6;347.6;Normal;0.01826906;2.05966
SceneName;0.98;-0.11;0.09;-0.14;659;734;735;-0.7058;2.302422;0.01919999;62.34214;104.9566;94.9319;1.16;340.8;346.8;Normal;0.008951426;2.068611
SceneName;0.98;-0.11;0.09;-0.15;659;717;738;-0.7058;2.302422;0.01919999;62.34214;104.9566;94.9319;1.16;346.4;346;Normal;0.00908947;2.077701
SceneName;0.98;-0.11;0.09;-0.15;659;701;740;-0.7058;2.302422;0.01919999;62.20867;105.1563;93.98745;1.16;353.2;344.8;Normal;0.009072781;2.086773
SceneName;0.98;-0.11;0.09;-0.15;660;683;742;-0.7058;2.302422;0.01919999;62.20867;105.1563;93.98745;1.16;359.6;344;Normal;0.005417585;2.092191
SceneName;0.98;-0.11;0.09;-0.15;660;668;744;-0.7058;2.302422;0.01919999;62.20867;105.1563;93.98745;1.4;6.800008;343.2;Normal;0.01742768;2.109619
SceneName;0.98;-0.12;0.09;-0.15;661;656;745;-0.7058;2.302422;0.01919999;62.20867;105.1563;93.98745;1.4;12.8;342.4;Normal;0.00540638;2.115025
SceneName;0.98;-0.12;0.09;-0.15;662;650;748;-0.7058;2.302422;0.01919999;62.43584;102.7702;91.77164;1.64;17.60001;342;Normal;0.01471329;2.129738
SceneName;0.98;-0.12;0.09;-0.15;663;638;752;-0.7058;2.302422;0.01919999;62.43584;102.7702;91.77164;1.88;20.00001;340.8;Normal;0.006376028;2.136114
SceneName;0.98;-0.12;0.09;-0.15;665;629;755;-0.7058;2.302422;0.01919999;62.43584;102.7702;91.77164;2.12;24.8;339.2;Normal;0.01437044;2.150485
SceneName;0.98;-0.12;0.09;-0.15;667;622;757;-0.7058;2.302422;0.01919999;62.43584;102.7702;91.77164;2.6;28.39999;338;Normal;0.007802963;2.158288
SceneName;0.98;-0.12;0.09;-0.15;671;616;760;-0.7058;2.302422;0.01919999;62.43584;102.7702;91.77164;3.08;31.2;337.2;Normal;0.005070686;2.163358
SceneName;0.98;-0.12;0.09;-0.15;673;611;763;-0.7058;2.302422;0.01919999;62.43584;102.7702;91.77164;4.040001;33.60001;336;Normal;0.01640892;2.179767
SceneName;0.98;-0.12;0.09;-0.15;674;607;766;-0.7058;2.302422;0.01919999;62.43584;102.7702;91.77164;4.52;35.60001;334.8;Normal;0.008957148;2.188725
SceneName;0.98;-0.12;0.10;-0.15;675;605;767;-0.7058;2.302422;0.01919999;62.43584;102.7702;91.77164;4.76;37.19999;333.6;Normal;0.009792089;2.198517
SceneName;0.98;-0.12;0.10;-0.15;676;603;768;-0.7058;2.302422;0.01919999;61.32528;102.3398;91.52866;5;38;333.2;Normal;0.009047031;2.207564
SceneName;0.98;-0.12;0.10;-0.15;677;601;769;-0.7058;2.302422;0.01919999;61.32528;102.3398;91.52866;5.240001;38.8;332.8;Normal;0.005367041;2.212931
SceneName;0.98;-0.12;0.10;-0.15;677;600;771;-0.7058;2.302422;0.01919999;61.32528;102.3398;91.52866;5.48;39.60001;332.4;Normal;0.01681089;2.229742
SceneName;0.98;-0.12;0.10;-0.15;677;599;771;-0.7058;2.302422;0.01919999;61.32528;102.3398;91.52866;5.48;40;331.6;Normal;0.008738995;2.238481
SceneName;0.98;-0.12;0.10;-0.15;677;600;773;-0.7058;2.302422;0.01919999;61.32528;102.3398;91.52866;5.48;40.39999;331.6;Normal;0.009410143;2.247891
SceneName;0.98;-0.12;0.10;-0.15;677;606;772;-0.7058;2.302422;0.01919999;61.32528;102.3398;91.52866;5.48;40;330.8;Normal;0.008913279;2.256804
SceneName;0.98;-0.12;0.10;-0.15;677;622;772;-0.7058;2.302422;0.01919999;61.32528;102.3398;91.52866;5.48;37.60001;331.2;Normal;0.004925728;2.26173
SceneName;0.97;-0.13;0.10;-0.15;678;639;772;-0.7058;2.302422;0.01919999;61.32528;102.3398;91.52866;5.48;31.2;331.2;Normal;0.01779842;2.279528
SceneName;0.97;-0.13;0.10;-0.15;677;649;771;-0.7058;2.302422;0.01919999;61.38772;99.70726;88.93134;5.719999;24.4;331.2;Normal;0.009287596;2.288816
SceneName;0.97;-0.13;0.10;-0.15;677;660;770;-0.7058;2.302422;0.01919999;61.38772;99.70726;88.93134;5.48;20.39999;331.6;Normal;0.008958817;2.297775
SceneName;0.97;-0.13;0.10;-0.15;677;668;768;-0.7058;2.302422;0.01919999;61.38772;99.70726;88.93134;5.48;16;332;Normal;0.009524584;2.307299
SceneName;0.97;-0.13;0.10;-0.15;677;675;767;-0.7058;2.302422;0.01919999;61.38772;99.70726;88.93134;5.48;12.8;332.8;Normal;0.005702734;2.313002
SceneName;0.97;-0.13;0.10;-0.15;676;678;766;-0.7058;2.302422;0.01919999;61.38772;99.70726;88.93134;5.48;10.00001;333.2;Normal;0.01697993;2.329982
SceneName;0.97;-0.13;0.10;-0.16;677;678;765;-0.7058;2.302422;0.01919999;61.38772;99.70726;88.93134;5.240001;8.800011;333.6;Normal;0.01029253;2.340274
SceneName;0.97;-0.13;0.10;-0.16;677;676;764;-0.7058;2.302422;0.01919999;61.24067;99.95616;88.029;5.48;8.800011;334;Normal;0.005528212;2.345803
SceneName;0.97;-0.13;0.10;-0.16;678;671;764;-0.7058;2.302422;0.01919999;61.24067;99.95616;88.029;5.48;9.600003;334.4;Normal;0.01442361;2.360226
SceneName;0.97;-0.13;0.10;-0.16;679;665;765;-0.7058;2.302422;0.01919999;61.24067;99.95616;88.029;5.719999;11.60001;334.4;Normal;0.009366274;2.369592
SceneName;0.97;-0.13;0.10;-0.16;679;658;765;-0.7058;2.302422;0.01919999;61.24067;99.95616;88.029;5.96;14;334;Normal;0.00809741;2.37769
SceneName;0.97;-0.13;0.10;-0.16;679;652;765;-0.7058;2.302422;0.01919999;61.24067;99.95616;88.029;5.96;16.80001;334;Normal;0.009391546;2.387081
SceneName;0.97;-0.13;0.10;-0.16;679;649;765;-0.7058;2.302422;0.01919999;61.24067;99.95616;88.029;5.96;19.2;334;Normal;0.005537033;2.392618
SceneName;0.97;-0.13;0.10;-0.16;679;653;765;-0.7058;2.302422;0.01919999;61.24067;99.95616;88.029;5.96;20.39999;334;Normal;0.01742649;2.410045
SceneName;0.97;-0.13;0.10;-0.16;679;670;764;-0.7058;2.302422;0.01919999;61.24067;99.95616;88.029;5.96;18.80001;334;Normal;0.009560823;2.419606
SceneName;0.97;-0.13;0.10;-0.16;679;691;764;-0.7058;2.302422;0.01919999;61.24067;99.95616;88.029;5.96;12;334.4;Normal;0.008347988;2.427954
SceneName;0.97;-0.13;0.10;-0.16;679;716;765;-0.7058;2.302422;0.01919999;61.24067;99.95616;88.029;5.96;3.600011;334.4;Normal;0.008985281;2.436939
SceneName;0.97;-0.13;0.10;-0.16;680;743;765;-0.7058;2.302422;0.01919999;61.24067;99.95616;88.029;5.96;353.6;334;Normal;0.004768848;2.441708
SceneName;0.97;-0.13;0.11;-0.16;680;761;764;-0.7058;2.302422;0.01919999;61.24067;99.95616;88.029;6.2;342.8;334;Normal;0.01827598;2.459984
SceneName;0.97;-0.14;0.11;-0.16;680;773;763;-0.7058;2.302422;0.01919999;60.11708;99.66055;87.92106;6.2;335.6;334.4;Normal;0.004750252;2.464734
SceneName;0.97;-0.14;0.10;-0.16;680;783;762;-0.7058;2.302422;0.01919999;60.24002;97.40137;85.83453;6.2;330.8;334.8;Normal;0.0149982;2.479732
SceneName;0.97;-0.14;0.10;-0.16;680;791;771;-0.7058;2.302422;0.01919999;61.36515;97.61177;85.85731;6.2;326.8;335.2;Normal;0.008758783;2.488491
SceneName;0.97;-0.14;0.10;-0.16;681;798;770;-0.7058;2.302422;0.01919999;61.36515;97.61177;85.85731;6.2;323.6;331.6;Normal;0.009808302;2.498299
SceneName;0.97;-0.14;0.10;-0.16;681;803;771;-0.7058;2.302422;0.01919999;61.36515;97.61177;85.85731;6.44;320.8;332;Normal;0.008869886;2.507169
SceneName;0.97;-0.14;0.10;-0.16;681;806;770;-0.7058;2.302422;0.01919999;61.36515;97.61177;85.85731;6.44;318.8;331.6;Normal;0.005435705;2.512605
SceneName;0.97;-0.14;0.11;-0.15;682;810;767;-0.7058;2.302422;0.01919999;61.36515;97.61177;85.85731;6.44;317.6;332;Normal;0.01701379;2.529619
SceneName;0.97;-0.14;0.11;-0.15;682;812;753;-0.7058;2.302422;0.01919999;60.39243;97.12539;86.71004;6.68;316;333.2;Normal;0.009049177;2.538668
SceneName;0.97;-0.15;0.11;-0.15;683;814;752;-0.7058;2.302422;0.01919999;60.39243;97.12539;86.71004;6.68;315.2;338.8;Normal;0.01069522;2.549363
SceneName;0.97;-0.15;0.11;-0.15;683;815;750;-0.7058;2.302422;0.01919999;60.47991;94.84459;84.59964;6.92;314.4;339.2;Normal;0.008280039;2.557643
SceneName;0.97;-0.15;0.11;-0.15;683;815;750;-0.7058;2.302422;0.01919999;60.47991;94.84459;84.59964;6.92;314;340;Normal;0.009262562;2.566906
SceneName;0.97;-0.15;0.11;-0.15;683;816;748;-0.7058;2.302422;0.01919999;60.47991;94.84459;84.59964;6.92;314;340;Normal;0.005566835;2.572473
SceneName;0.97;-0.15;0.10;-0.15;682;813;747;-0.7058;2.302422;0.01919999;60.47991;94.84459;84.59964;6.92;313.6;340.8;Normal;0.0174737;2.589946
SceneName;0.97;-0.15;0.10;-0.15;682;812;746;-0.7058;2.302422;0.01919999;61.60618;94.98132;84.54686;6.68;314.8;341.2;Normal;0.005334616;2.595281
SceneName;0.97;-0.15;0.10;-0.15;682;810;745;-0.7058;2.302422;0.01919999;61.60618;94.98132;84.54686;6.68;315.2;341.6;Normal;0.01442003;2.609701
SceneName;0.97;-0.15;0.10;-0.15;681;805;745;-0.7058;2.302422;0.01919999;61.60618;94.98132;84.54686;6.68;316;342;Normal;0.009845734;2.619547
SceneName;0.97;-0.15;0.09;-0.15;680;799;757;-0.7058;2.302422;0.01919999;61.60618;94.98132;84.54686;6.44;318;342;Normal;0.008479595;2.628026
SceneName;0.97;-0.14;0.09;-0.14;679;791;743;-0.7058;2.302422;0.01919999;62.73478;95.12126;84.49785;6.2;320.4;337.2;Normal;0.00911808;2.637144
SceneName;0.98;-0.14;0.09;-0.14;677;783;742;-0.7058;2.302422;0.01919999;62.80404;97.33986;87.69628;5.96;323.6;342.8;Normal;0.004948616;2.642093
SceneName;0.98;-0.14;0.08;-0.14;676;775;740;-0.7058;2.302422;0.01919999;62.91313;97.68387;88.16318;5.48;326.8;343.2;Normal;0.01762724;2.65972
SceneName;0.98;-0.14;0.08;-0.14;675;767;739;-0.7058;2.302422;0.01919999;64.03295;97.96236;88.25301;5.240001;330;344;Normal;0.005161762;2.664882
SceneName;0.98;-0.13;0.08;-0.13;674;760;737;-0.7058;2.302422;0.01919999;64.03295;97.96236;88.25301;5;333.2;344.4;Normal;0.01486301;2.679745
SceneName;0.98;-0.13;0.07;-0.13;672;753;736;-0.7058;2.302422;0.01919999;64.0345;100.3102;91.57469;4.76;336;345.2;Normal;0.009260893;2.689006
SceneName;0.98;-0.13;0.07;-0.13;671;746;734;-0.7058;2.302422;0.01919999;65.15281;100.7347;91.80908;4.28;338.8;345.6;Normal;0.005167961;2.694174
SceneName;0.98;-0.13;0.07;-0.12;670;740;732;-0.7058;2.302422;0.01919999;65.15281;100.7347;91.80908;4.040001;341.6;346.4;Normal;0.01543164;2.709605
SceneName;0.98;-0.12;0.06;-0.12;669;735;729;-0.7058;2.302422;0.01919999;65.30518;100.5572;92.77337;3.800001;344;347.2;Normal;0.009723663;2.719329
SceneName;0.98;-0.12;0.06;-0.11;669;730;726;-0.7058;2.302422;0.01919999;66.2003;103.8126;95.67271;3.56;346;348.4;Normal;0.008583307;2.727912
SceneName;0.99;-0.12;0.05;-0.11;668;726;724;-0.7058;2.302422;0.01919999;66.3456;103.6784;96.6823;3.56;348;349.6;Normal;0.009093285;2.737006
SceneName;0.99;-0.11;0.05;-0.11;667;722;722;-0.7058;2.302422;0.01919999;67.49559;104.7246;97.63334;3.32;349.6;350.4;Normal;0.004920483;2.741926
SceneName;0.99;-0.11;0.04;-0.10;665;719;720;-0.7058;2.302422;0.01919999;67.19646;107.5606;100.3075;3.08;351.2;351.2;Normal;0.01890254;2.760829
SceneName;0.99;-0.11;0.03;-0.10;663;715;718;-0.7058;2.302422;0.01919999;68.4133;108.3824;102.0716;2.6;352.4;352;Normal;0.005255699;2.766084
SceneName;0.99;-0.11;0.03;-0.09;661;713;715;-0.7058;2.302422;0.01919999;69.49256;109.3727;102.8702;2.12;354;352.8;Normal;0.01421428;2.780299
SceneName;0.99;-0.11;0.02;-0.09;658;710;712;-0.7058;2.302422;0.01919999;69.62286;109.3608;103.9911;1.64;354.8;354;Normal;0.005162954;2.785462
SceneName;0.99;-0.10;0.01;-0.08;655;707;710;-0.7058;2.302422;0.01919999;70.6947;110.4885;104.926;0.9200001;356;355.2;Normal;0.01433778;2.799799
SceneName;0.99;-0.10;0.01;-0.08;653;705;708;-0.7058;2.302422;0.01919999;71.43104;115.1438;110.3625;0.2;357.2;356;Normal;0.009735107;2.809535
SceneName;0.99;-0.10;0.00;-0.07;650;703;705;-0.7058;2.302422;0.01919999;71.43104;115.1438;110.3625;359.72;358;356.8;Normal;0.008697987;2.818233
SceneName;0.99;-0.10;0.00;-0.07;649;701;704;-0.7058;2.302422;0.01919999;72.5668;116.887;113.0448;359;358.8;358;Normal;0.00925231;2.827485
SceneName;0.99;-0.09;-0.00;-0.06;647;698;702;-0.7058;2.302422;0.01919999;72.5668;116.887;113.0448;358.76;359.6;358.4;Normal;0.009011507;2.836496
SceneName;0.99;-0.09;-0.00;-0.06;645;696;700;-0.7058;2.302422;0.01919999;72.11057;120.3404;117.4775;358.28;0.8000014;359.2;Normal;0.009075165;2.845572
SceneName;0.99;-0.09;-0.01;-0.06;644;694;686;-0.7058;2.302422;0.01919999;72.11057;120.3404;117.4775;357.8;1.600008;-5.008956E-06;Normal;0.008857965;2.854429
SceneName;1.00;-0.08;-0.01;-0.05;643;693;680;-0.7058;2.302422;0.01919999;73.08398;122.3627;119.3034;357.56;2.400001;5.600012;Normal;0.00949049;2.86392
SceneName;1.00;-0.08;-0.01;-0.05;641;691;675;-0.7058;2.302422;0.01919999;72.44836;125.9919;123.9612;357.32;2.800004;8.000005;Normal;0.008427143;2.872347
SceneName;1.00;-0.08;-0.02;-0.04;640;690;674;-0.7058;2.302422;0.01919999;72.44836;125.9919;123.9612;356.84;3.600011;10.00001;Normal;0.01747727;2.889824
SceneName;1.00;-0.08;-0.02;-0.04;639;689;672;-0.7058;2.302422;0.01919999;73.40465;128.6215;127.5203;356.6;4;10.4;Normal;0.00887084;2.898695
SceneName;1.00;-0.08;-0.02;-0.03;638;689;671;-0.7058;2.302422;0.01919999;73.40465;128.6215;127.5203;356.36;4.39999;11.2;Normal;0.00936389;2.908059
SceneName;1.00;-0.08;-0.03;-0.03;638;687;670;-0.7058;2.302422;0.01919999;73.46203;128.8815;128.9062;356.12;4.39999;11.60001;Normal;0.008822918;2.916882
SceneName;1.00;-0.07;-0.03;-0.03;637;686;669;-0.7058;2.302422;0.01919999;74.30894;131.6181;131.4445;356.12;5.199996;12;Normal;0.008575439;2.925457
SceneName;1.00;-0.07;-0.03;-0.03;636;685;675;-0.7058;2.302422;0.01919999;73.51034;134.5443;134.222;355.88;5.600012;12.4;Normal;0.00914073;2.934598
SceneName;1.00;-0.07;-0.03;-0.02;636;684;683;-0.7058;2.302422;0.01919999;73.51034;134.5443;134.222;355.64;6.000002;10.00001;Normal;0.00906992;2.943668
SceneName;1.00;-0.07;-0.03;-0.02;635;683;683;-0.7058;2.302422;0.01919999;73.54266;134.8281;135.6328;355.64;6.399992;6.800008;Normal;0.01040053;2.954069
SceneName;1.00;-0.07;-0.03;-0.02;635;682;686;-0.7058;2.302422;0.01919999;73.54266;134.8281;135.6328;355.4;6.800008;6.800008;Normal;0.01669455;2.970763
SceneName;1.00;-0.07;-0.04;-0.02;635;681;685;-0.7058;2.302422;0.01919999;73.54266;134.8281;135.6328;355.4;7.199998;5.600012;Normal;0.00770998;2.978473
SceneName;1.00;-0.06;-0.04;-0.01;634;682;679;-0.7058;2.302422;0.01919999;74.30172;137.8941;138.4993;355.4;7.600002;6.000002;Normal;0.009202719;2.987676
SceneName;1.00;-0.06;-0.04;-0.01;633;681;671;-0.7058;2.302422;0.01919999;73.42464;140.7675;142.3531;355.16;7.199998;8.399995;Normal;0.00891304;2.996589
SceneName;1.00;-0.06;-0.04;-0.01;633;681;667;-0.7058;2.302422;0.01919999;73.42464;140.7675;142.3531;354.92;7.600002;11.60001;Normal;0.009458303;3.006047
SceneName;1.00;-0.06;-0.05;-0.01;632;681;666;-0.7058;2.302422;0.01919999;73.42464;140.7675;142.3531;354.92;7.600002;13.20001;Normal;0.008718729;3.014766
SceneName;1.00;-0.06;-0.05;-0.01;632;681;664;-0.7058;2.302422;0.01919999;74.08688;144.0834;145.4684;354.68;7.600002;13.60001;Normal;0.009143591;3.02391
SceneName;1.00;-0.06;-0.05;-0.00;631;681;664;-0.7058;2.302422;0.01919999;74.08688;144.0834;145.4684;354.68;7.600002;14.4;Normal;0.008880377;3.03279
SceneName;1.00;-0.06;-0.05;-0.00;631;681;664;-0.7058;2.302422;0.01919999;74.07758;144.406;146.9175;354.44;7.600002;14.4;Normal;0.01783013;3.05062
SceneName;1.00;-0.06;-0.05;-0.00;632;681;664;-0.7058;2.302422;0.01919999;74.07758;144.406;146.9175;354.44;7.600002;14.4;Normal;0.008021593;3.058642
SceneName;1.00;-0.06;-0.05;-0.00;632;680;664;-0.7058;2.302422;0.01919999;74.07758;144.406;146.9175;354.68;7.600002;14.4;Normal;0.008908749;3.06755
SceneName;1.00;-0.06;-0.05;-0.00;632;680;663;-0.7058;2.302422;0.01919999;74.07758;144.406;146.9175;354.68;8.000005;14.4;Normal;0.00942111;3.076972
SceneName;1.00;-0.06;-0.05;-0.00;631;680;664;-0.7058;2.302422;0.01919999;74.07758;144.406;146.9175;354.68;8.000005;14.8;Normal;0.008645058;3.085617
SceneName;1.00;-0.06;-0.05;-0.00;632;681;664;-0.7058;2.302422;0.01919999;74.07758;144.406;146.9175;354.44;8.000005;14.4;Normal;0.009292603;3.094909
SceneName;1.00;-0.06;-0.05;-0.00;631;681;664;-0.7058;2.302422;0.01919999;74.07758;144.406;146.9175;354.68;7.600002;14.4;Normal;0.008447886;3.103357
SceneName;1.00;-0.06;-0.06;-0.00;632;680;664;-0.7058;2.302422;0.01919999;74.07758;144.406;146.9175;354.44;7.600002;14.4;Normal;0.009381294;3.112738
SceneName;1.00;-0.06;-0.06;-0.00;632;680;665;-0.7058;2.302422;0.01919999;74.67063;148.0146;150.3246;354.68;8.000005;14.4;Normal;0.01789427;3.130633
SceneName;1.00;-0.06;-0.06;-0.00;632;680;665;-0.7058;2.302422;0.01919999;74.67063;148.0146;150.3246;354.68;8.000005;14;Normal;0.008423328;3.139056
SceneName;1.00;-0.06;-0.06;-0.00;632;680;665;-0.7058;2.302422;0.01919999;74.67063;148.0146;150.3246;354.68;8.000005;14;Normal;0.008792877;3.147849
SceneName;1.00;-0.05;-0.06;-0.00;632;680;665;-0.7058;2.302422;0.01919999;74.67063;148.0146;150.3246;354.68;8.000005;14;Normal;0.01010561;3.157954
SceneName;1.00;-0.05;-0.06;-0.00;632;680;665;-0.7058;2.302422;0.01919999;73.67237;150.0218;152.1874;354.68;8.000005;14;Normal;0.007871389;3.165826
SceneName;1.00;-0.05;-0.06;-0.00;632;680;666;-0.7058;2.302422;0.01919999;73.67237;150.0218;152.1874;354.68;8.000005;14;Normal;0.009353638;3.175179
SceneName;1.00;-0.05;-0.06;-0.00;632;681;666;-0.7058;2.302422;0.01919999;73.67237;150.0218;152.1874;354.68;8.000005;13.60001;Normal;0.008470058;3.18365
SceneName;1.00;-0.05;-0.06;-0.00;632;680;665;-0.7058;2.302422;0.01919999;73.67237;150.0218;152.1874;354.68;7.600002;13.60001;Normal;0.009019136;3.192669
SceneName;1.00;-0.05;-0.06;-0.01;632;680;665;-0.7058;2.302422;0.01919999;73.67237;150.0218;152.1874;354.68;8.000005;14;Normal;0.01788521;3.210554
SceneName;1.00;-0.05;-0.06;-0.01;632;680;665;-0.7058;2.302422;0.01919999;73.70522;149.7274;150.766;354.68;8.000005;14;Normal;0.008580685;3.219135
SceneName;1.00;-0.05;-0.06;-0.01;632;680;665;-0.7058;2.302422;0.01919999;73.70522;149.7274;150.766;354.68;8.000005;14;Normal;0.008903265;3.228038
SceneName;1.00;-0.05;-0.06;-0.01;632;681;665;-0.7058;2.302422;0.01919999;73.70522;149.7274;150.766;354.68;8.000005;14;Normal;0.008634567;3.236672
SceneName;1.00;-0.05;-0.06;-0.01;632;681;665;-0.7058;2.302422;0.01919999;73.70522;149.7274;150.766;354.68;7.600002;14;Normal;0.008987904;3.24566
SceneName;1.00;-0.05;-0.05;-0.01;631;681;666;-0.7058;2.302422;0.01919999;73.70522;149.7274;150.766;354.68;7.600002;14;Normal;0.008853197;3.254514
SceneName;1.00;-0.05;-0.05;-0.01;632;682;666;-0.7058;2.302422;0.01919999;73.13028;146.2789;147.5178;354.44;7.600002;13.60001;Normal;0.009195328;3.263709
SceneName;1.00;-0.05;-0.05;-0.01;632;681;666;-0.7058;2.302422;0.01919999;73.13028;146.2789;147.5178;354.68;7.199998;13.60001;Normal;0.009414196;3.273123
SceneName;1.00;-0.05;-0.05;-0.01;632;681;666;-0.7058;2.302422;0.01919999;73.13028;146.2789;147.5178;354.68;7.600002;13.60001;Normal;0.01726913;3.290392
SceneName;1.00;-0.05;-0.05;-0.01;631;682;666;-0.7058;2.302422;0.01919999;73.13028;146.2789;147.5178;354.68;7.600002;13.60001;Normal;0.008241177;3.298633
SceneName;1.00;-0.05;-0.05;-0.01;632;681;665;-0.7058;2.302422;0.01919999;73.13028;146.2789;147.5178;354.44;7.199998;13.60001;Normal;0.009183645;3.307817
SceneName;1.00;-0.05;-0.05;-0.01;632;681;666;-0.7058;2.302422;0.01919999;73.13028;146.2789;147.5178;354.68;7.600002;14;Normal;0.008838415;3.316655
SceneName;1.00;-0.05;-0.05;-0.01;632;681;666;-0.7058;2.302422;0.01919999;73.13028;146.2789;147.5178;354.68;7.600002;13.60001;Normal;0.009452105;3.326108
SceneName;1.00;-0.05;-0.05;-0.01;632;681;666;-0.7058;2.302422;0.01919999;73.13028;146.2789;147.5178;354.68;7.600002;13.60001;Normal;0.008323193;3.334431
SceneName;1.00;-0.05;-0.05;-0.01;632;681;665;-0.7058;2.302422;0.01919999;73.13028;146.2789;147.5178;354.68;7.600002;13.60001;Normal;0.009215355;3.343646
SceneName;1.00;-0.05;-0.05;-0.01;632;681;665;-0.7058;2.302422;0.01919999;73.13028;146.2789;147.5178;354.68;7.600002;14;Normal;0.009239435;3.352885
SceneName;1.00;-0.05;-0.04;-0.02;632;681;665;-0.7058;2.302422;0.01919999;73.13028;146.2789;147.5178;354.68;7.600002;14;Normal;0.01858687;3.371472
SceneName;1.00;-0.05;-0.04;-0.02;632;682;666;-0.7058;2.302422;0.01919999;72.50492;142.8132;143.1231;354.68;7.600002;14;Normal;0.008097172;3.37957
SceneName;1.00;-0.05;-0.04;-0.02;632;681;666;-0.7058;2.302422;0.01919999;72.50492;142.8132;143.1231;354.68;7.199998;13.60001;Normal;0.008472919;3.388042
SceneName;1.00;-0.05;-0.04;-0.02;632;682;666;-0.7058;2.302422;0.01919999;72.50492;142.8132;143.1231;354.68;7.600002;13.60001;Normal;0.009376287;3.397419
SceneName;1.00;-0.05;-0.04;-0.02;632;682;666;-0.7058;2.302422;0.01919999;72.50492;142.8132;143.1231;354.68;7.199998;13.60001;Normal;0.008383036;3.405802
SceneName;1.00;-0.05;-0.04;-0.02;632;682;666;-0.7058;2.302422;0.01919999;72.50492;142.8132;143.1231;354.68;7.199998;13.60001;Normal;0.009040117;3.414842
SceneName;1.00;-0.05;-0.04;-0.02;632;682;666;-0.7058;2.302422;0.01919999;72.50492;142.8132;143.1231;354.68;7.199998;13.60001;Normal;0.008925438;3.423767
SceneName;1.00;-0.05;-0.04;-0.02;632;682;666;-0.7058;2.302422;0.01919999;72.50492;142.8132;143.1231;354.68;7.199998;13.60001;Normal;0.008818865;3.432586
SceneName;1.00;-0.05;-0.04;-0.02;632;682;667;-0.7058;2.302422;0.01919999;72.50492;142.8132;143.1231;354.68;7.199998;13.60001;Normal;0.01773334;3.45032
SceneName;1.00;-0.05;-0.04;-0.02;631;682;667;-0.7058;2.302422;0.01919999;72.50492;142.8132;143.1231;354.68;7.199998;13.20001;Normal;0.0088799;3.459199
SceneName;1.00;-0.05;-0.04;-0.02;632;682;667;-0.7058;2.302422;0.01919999;72.50492;142.8132;143.1231;354.44;7.199998;13.20001;Normal;0.008567572;3.467767
SceneName;1.00;-0.05;-0.04;-0.02;632;682;667;-0.7058;2.302422;0.01919999;72.50492;142.8132;143.1231;354.68;7.199998;13.20001;Normal;0.009470463;3.477237
SceneName;1.00;-0.05;-0.04;-0.02;632;681;668;-0.7058;2.302422;0.01919999;72.50492;142.8132;143.1231;354.68;7.199998;13.20001;Normal;0.008486748;3.485724
SceneName;1.00;-0.05;-0.04;-0.02;632;682;668;-0.7058;2.302422;0.01919999;72.50492;142.8132;143.1231;354.68;7.600002;12.8;Normal;0.009037256;3.494761
SceneName;1.00;-0.05;-0.04;-0.02;631;682;668;-0.7058;2.302422;0.01919999;72.50492;142.8132;143.1231;354.68;7.199998;12.8;Normal;0.01292968;3.507691
SceneName;1.00;-0.05;-0.04;-0.02;631;682;669;-0.7058;2.302422;0.01919999;72.50492;142.8132;143.1231;354.44;7.199998;12.8;Normal;0.009058714;3.51675
SceneName;1.00;-0.05;-0.04;-0.02;631;682;670;-0.7058;2.302422;0.01919999;72.50492;142.8132;143.1231;354.44;7.199998;12.4;Normal;0.01471233;3.531462
SceneName;1.00;-0.05;-0.04;-0.02;632;682;670;-0.7058;2.302422;0.01919999;72.50492;142.8132;143.1231;354.44;7.199998;12;Normal;0.008701563;3.540164
SceneName;1.00;-0.05;-0.04;-0.02;632;682;671;-0.7058;2.302422;0.01919999;72.50492;142.8132;143.1231;354.68;7.199998;12;Normal;0.009127378;3.549291
SceneName;1.00;-0.05;-0.04;-0.02;631;682;672;-0.7058;2.302422;0.01919999;72.50492;142.8132;143.1231;354.68;7.199998;11.60001;Normal;0.008232117;3.557523
SceneName;1.00;-0.05;-0.04;-0.02;631;682;673;-0.7058;2.302422;0.01919999;72.50492;142.8132;143.1231;354.44;7.199998;11.2;Normal;0.009994984;3.567518
SceneName;1.00;-0.04;-0.04;-0.02;631;682;674;-0.7058;2.302422;0.01919999;72.50492;142.8132;143.1231;354.44;7.199998;10.8;Normal;0.007781029;3.575299
SceneName;1.00;-0.04;-0.04;-0.02;631;682;674;-0.7058;2.302422;0.01919999;71.56684;144.923;145.0845;354.44;7.199998;10.4;Normal;0.009408236;3.584707
SceneName;1.00;-0.04;-0.04;-0.02;631;682;674;-0.7058;2.302422;0.01919999;71.56684;144.923;145.0845;354.44;7.199998;10.4;Normal;0.009188175;3.593896
SceneName;1.00;-0.04;-0.04;-0.02;631;682;674;-0.7058;2.302422;0.01919999;71.56684;144.923;145.0845;354.44;7.199998;10.4;Normal;0.01697254;3.610868
SceneName;1.00;-0.04;-0.04;-0.02;631;682;675;-0.7058;2.302422;0.01919999;71.56684;144.923;145.0845;354.44;7.199998;10.4;Normal;0.009303808;3.620172
SceneName;1.00;-0.04;-0.04;-0.02;631;682;675;-0.7058;2.302422;0.01919999;71.56684;144.923;145.0845;354.44;7.199998;10.00001;Normal;0.00787878;3.628051
SceneName;1.00;-0.04;-0.04;-0.02;631;683;676;-0.7058;2.302422;0.01919999;71.56684;144.923;145.0845;354.44;7.199998;10.00001;Normal;0.008759737;3.636811
SceneName;1.00;-0.04;-0.03;-0.02;631;682;675;-0.7058;2.302422;0.01919999;71.56684;144.923;145.0845;354.44;6.800008;9.600003;Normal;0.009127378;3.645938
SceneName;1.00;-0.04;-0.03;-0.02;631;683;675;-0.7058;2.302422;0.01919999;70.90936;142.0175;142.3789;354.44;7.199998;10.00001;Normal;0.008884192;3.654822
SceneName;1.00;-0.04;-0.03;-0.02;631;683;675;-0.7058;2.302422;0.01919999;70.90936;142.0175;142.3789;354.44;6.800008;10.00001;Normal;0.009536028;3.664358
SceneName;1.00;-0.04;-0.03;-0.02;631;683;676;-0.7058;2.302422;0.01919999;70.90936;142.0175;142.3789;354.44;6.800008;10.00001;Normal;0.008893251;3.673251
SceneName;1.00;-0.04;-0.03;-0.02;631;684;675;-0.7058;2.302422;0.01919999;70.90936;142.0175;142.3789;354.44;6.800008;9.600003;Normal;0.01772022;3.690972
SceneName;1.00;-0.04;-0.03;-0.02;631;683;675;-0.7058;2.302422;0.01919999;70.90936;142.0175;142.3789;354.44;6.399992;10.00001;Normal;0.008465052;3.699437
SceneName;1.00;-0.04;-0.03;-0.02;631;683;675;-0.7058;2.302422;0.01919999;70.90936;142.0175;142.3789;354.44;6.800008;10.00001;Normal;0.009335279;3.708772
SceneName;1.00;-0.04;-0.03;-0.02;631;684;675;-0.7058;2.302422;0.01919999;70.90936;142.0175;142.3789;354.44;6.800008;10.00001;Normal;0.0105114;3.719283
SceneName;1.00;-0.04;-0.03;-0.02;631;683;675;-0.7058;2.302422;0.01919999;70.90936;142.0175;142.3789;354.44;6.399992;10.00001;Normal;0.008108616;3.727392
SceneName;1.00;-0.04;-0.03;-0.02;631;683;675;-0.7058;2.302422;0.01919999;70.90936;142.0175;142.3789;354.44;6.800008;10.00001;Normal;0.008986712;3.736379
SceneName;1.00;-0.04;-0.03;-0.02;631;683;674;-0.7058;2.302422;0.01919999;70.90936;142.0175;142.3789;354.44;6.800008;10.00001;Normal;0.008255005;3.744634
SceneName;1.00;-0.04;-0.03;-0.02;631;683;674;-0.7058;2.302422;0.01919999;70.90936;142.0175;142.3789;354.44;6.800008;10.4;Normal;0.008616447;3.75325
SceneName;1.00;-0.04;-0.03;-0.02;631;683;674;-0.7058;2.302422;0.01919999;70.90936;142.0175;142.3789;354.44;6.800008;10.4;Normal;0.01815772;3.771408
SceneName;1.00;-0.04;-0.03;-0.02;631;683;675;-0.7058;2.302422;0.01919999;70.90936;142.0175;142.3789;354.44;6.800008;10.4;Normal;0.009292126;3.7807
SceneName;1.00;-0.04;-0.03;-0.02;631;683;675;-0.7058;2.302422;0.01919999;70.90936;142.0175;142.3789;354.44;6.800008;10.00001;Normal;0.007706642;3.788407
SceneName;1.00;-0.04;-0.03;-0.02;631;684;675;-0.7058;2.302422;0.01919999;70.90936;142.0175;142.3789;354.44;6.800008;10.00001;Normal;0.008600235;3.797007
SceneName;1.00;-0.04;-0.03;-0.02;631;684;674;-0.7058;2.302422;0.01919999;70.90936;142.0175;142.3789;354.44;6.399992;10.00001;Normal;0.009043455;3.80605
SceneName;1.00;-0.04;-0.03;-0.02;631;683;674;-0.7058;2.302422;0.01919999;70.90936;142.0175;142.3789;354.44;6.399992;10.4;Normal;0.008867025;3.814917
SceneName;1.00;-0.04;-0.03;-0.02;631;683;674;-0.7058;2.302422;0.01919999;70.90936;142.0175;142.3789;354.44;6.800008;10.4;Normal;0.009423256;3.824341
SceneName;1.00;-0.04;-0.03;-0.02;631;684;674;-0.7058;2.302422;0.01919999;70.90936;142.0175;142.3789;354.44;6.800008;10.4;Normal;0.008661747;3.833002
SceneName;1.00;-0.04;-0.03;-0.02;632;684;674;-0.7058;2.302422;0.01919999;70.90936;142.0175;142.3789;354.44;6.399992;10.4;Normal;0.01820827;3.851211
SceneName;1.00;-0.04;-0.03;-0.02;631;684;675;-0.7058;2.302422;0.01919999;70.90936;142.0175;142.3789;354.68;6.399992;10.4;Normal;0.007853746;3.859064
SceneName;1.00;-0.04;-0.03;-0.02;632;684;675;-0.7058;2.302422;0.01919999;70.90936;142.0175;142.3789;354.44;6.399992;10.00001;Normal;0.009582758;3.868647
SceneName;1.00;-0.04;-0.03;-0.02;632;684;675;-0.7058;2.302422;0.01919999;70.90936;142.0175;142.3789;354.68;6.399992;10.00001;Normal;0.008751631;3.877399
SceneName;1.00;-0.04;-0.03;-0.02;631;684;675;-0.7058;2.302422;0.01919999;70.90936;142.0175;142.3789;354.68;6.399992;10.00001;Normal;0.008516788;3.885916
SceneName;1.00;-0.04;-0.03;-0.02;631;684;674;-0.7058;2.302422;0.01919999;70.90936;142.0175;142.3789;354.44;6.399992;10.00001;Normal;0.009074926;3.89499
SceneName;1.00;-0.04;-0.03;-0.02;631;684;674;-0.7058;2.302422;0.01919999;70.90936;142.0175;142.3789;354.44;6.399992;10.4;Normal;0.008836031;3.903826
SceneName;1.00;-0.04;-0.03;-0.02;631;684;674;-0.7058;2.302422;0.01919999;70.90936;142.0175;142.3789;354.44;6.399992;10.4;Normal;0.009250402;3.913077
SceneName;1.00;-0.03;-0.03;-0.02;631;684;674;-0.7058;2.302422;0.01919999;70.90936;142.0175;142.3789;354.44;6.399992;10.4;Normal;0.01793027;3.931007
SceneName;1.00;-0.03;-0.03;-0.02;631;684;674;-0.7058;2.302422;0.01919999;69.97912;144.0037;144.2164;354.44;6.399992;10.4;Normal;0.008424044;3.939431
SceneName;1.00;-0.03;-0.03;-0.03;631;685;674;-0.7058;2.302422;0.01919999;69.97912;144.0037;144.2164;354.44;6.399992;10.4;Normal;0.008742571;3.948174
SceneName;1.00;-0.03;-0.03;-0.03;631;685;674;-0.7058;2.302422;0.01919999;69.98637;143.8636;142.9416;354.44;6.000002;10.4;Normal;0.01672959;3.964903
SceneName;1.00;-0.03;-0.03;-0.03;631;685;673;-0.7058;2.302422;0.01919999;69.98637;143.8636;142.9416;354.44;6.000002;10.4;Normal;0.007381916;3.972285
SceneName;1.00;-0.03;-0.03;-0.03;631;685;673;-0.7058;2.302422;0.01919999;69.98637;143.8636;142.9416;354.44;6.000002;10.8;Normal;0.006871939;3.979157
SceneName;1.00;-0.03;-0.03;-0.03;631;684;674;-0.7058;2.302422;0.01919999;69.98637;143.8636;142.9416;354.44;6.000002;10.8;Normal;0.004954576;3.984112
SceneName;1.00;-0.03;-0.03;-0.03;632;685;674;-0.7058;2.302422;0.01919999;69.98637;143.8636;142.9416;354.44;6.399992;10.4;Normal;0.009387732;3.9935
SceneName;1.00;-0.03;-0.02;-0.03;631;685;673;-0.7058;2.302422;0.01919999;69.98637;143.8636;142.9416;354.68;6.000002;10.4;Normal;0.01784968;4.011349
SceneName;1.00;-0.03;-0.02;-0.03;632;685;673;-0.7058;2.302422;0.01919999;69.30495;141.2224;140.4995;354.44;6.000002;10.8;Normal;0.008048058;4.019397
SceneName;1.00;-0.03;-0.02;-0.03;631;685;674;-0.7058;2.302422;0.01919999;69.30495;141.2224;140.4995;354.68;6.000002;10.8;Normal;0.009252071;4.028649
SceneName;1.00;-0.03;-0.02;-0.03;631;685;673;-0.7058;2.302422;0.01919999;69.30495;141.2224;140.4995;354.44;6.000002;10.4;Normal;0.008528709;4.037178
SceneName;1.00;-0.03;-0.02;-0.03;631;685;674;-0.7058;2.302422;0.01919999;69.30495;141.2224;140.4995;354.44;6.000002;10.8;Normal;0.01376152;4.05094
