SceneName;GyroQuaternion_W;GyroQuaternion_X;GyroQuaternion_Y;GyroQuaternion_Z;Flex Thumb;Flex Index;Flex Middle;HandPoz_X;HandPoz_Y;HandPoz_Z;HandRot_X;HandRot_Y;HandRot_Z;ThumbRot_Z;IndexRot_X;MiddleRot_X;Hand Condition;Time;Timestamp
SceneName;0?>************.*.*.*.******.**.>..**...****.1.00;0.01;0.00;-0.00;579;680;673;-0.7058;1.402421;-0.03080001;0;0;0;350;59.99999;59.99999;Normal;0;0
SceneName;1.00;0.01;0.00;-0.01;580;680;673;-0.7058;1.402421;-0.03080001;0;0;0;0;0;0;Normal;0.02;0.02
SceneName;1.00;0.01;0.00;-0.01;580;680;672;-0.7058;1.402421;-0.03080001;0;0;0;342.2;8.000005;10.8;Normal;0.3333333;0.3533334
SceneName;1.00;0.02;0.00;-0.01;580;681;672;-0.7058;1.402421;-0.03080001;0;0;0;342.2;8.000005;11.2;Normal;0.1827936;0.536127
SceneName;1.00;0.02;0.01;-0.01;579;680;671;-0.7058;1.402421;-0.03080001;0;0;0;342.2;7.600002;11.2;Normal;0.03463537;0.5707623
SceneName;1.00;0.02;0.01;-0.02;580;680;672;-0.7058;1.402421;-0.03080001;0;0;0;341.96;8.000005;11.60001;Normal;0.005313814;0.5760761
SceneName;1.00;0.02;0.01;-0.02;579;681;673;-0.7058;1.402421;-0.03080001;0;0;0;342.2;8.000005;11.2;Normal;0.009732366;0.5858085
SceneName;1.00;0.02;0.01;-0.02;580;680;672;-0.7058;1.402421;-0.03080001;0;0;0;341.96;7.600002;10.8;Normal;0.004592419;0.5904009
SceneName;1.00;0.02;0.01;-0.02;580;680;673;-0.7058;1.402421;-0.03080001;0;0;0;342.2;8.000005;11.2;Normal;0.004057407;0.5944583
SceneName;1.00;0.03;0.02;-0.02;579;680;672;-0.7058;1.402421;-0.03080001;0;0;0;342.2;8.000005;10.8;Normal;0.004297972;0.5987563
SceneName;1.00;0.03;0.02;-0.03;579;680;672;-0.7058;1.402421;-0.03080001;0;0;0;341.96;8.000005;11.2;Normal;0.004298151;0.6030545
SceneName;1.00;0.03;0.02;-0.03;580;680;672;-0.7058;1.402421;-0.03080001;0;0;0;341.96;8.000005;11.2;Normal;0.004729092;0.6077836
SceneName;1.00;0.03;0.02;-0.03;579;680;672;-0.7058;1.402421;-0.03080001;0;0;0;342.2;8.000005;11.2;Normal;0.004580975;0.6123645
SceneName;1.00;0.03;0.02;-0.03;580;681;672;-0.7058;1.402421;-0.03080001;0;0;0;341.96;8.000005;11.2;Normal;0.004602432;0.616967
SceneName;1.00;0.04;0.02;-0.03;579;680;672;-0.7058;1.402421;-0.03080001;0;0;0;342.2;7.600002;11.2;Normal;0.003975451;0.6209424
SceneName;1.00;0.04;0.03;-0.04;579;680;672;-0.7058;1.402421;-0.03080001;0;0;0;341.96;8.000005;11.2;Normal;0.004902124;0.6258445
SceneName;1.00;0.04;0.03;-0.04;580;680;672;-0.7058;1.402421;-0.03080001;0;0;0;341.96;8.000005;11.2;Normal;0.004166901;0.6300114
SceneName;1.00;0.04;0.03;-0.04;579;680;672;-0.7058;1.402421;-0.03080001;0;0;0;342.2;8.000005;11.2;Normal;0.004227877;0.6342393
SceneName;1.00;0.04;0.03;-0.04;579;680;672;-0.7058;1.402421;-0.03080001;0;0;0;341.96;8.000005;11.2;Normal;0.004121423;0.6383607
SceneName;1.00;0.04;0.03;-0.04;579;680;672;-0.7058;1.402421;-0.03080001;0;0;0;341.96;8.000005;11.2;Normal;0.004282832;0.6426436
SceneName;1.00;0.05;0.03;-0.04;580;681;672;-0.7058;1.402421;-0.03080001;0;0;0;341.96;8.000005;11.2;Normal;0.004487455;0.647131
SceneName;1.00;0.05;0.04;-0.05;579;680;672;-0.7058;1.402421;-0.03080001;0;0;0;342.2;7.600002;11.2;Normal;0.004096925;0.651228
SceneName;1.00;0.05;0.04;-0.05;580;680;672;-0.7058;1.402421;-0.03080001;0;0;0;341.96;8.000005;11.2;Normal;0.00410068;0.6553286
SceneName;1.00;0.05;0.04;-0.05;580;680;672;-0.7058;1.402421;-0.03080001;0;0;0;342.2;8.000005;11.2;Normal;0.00411731;0.6594459
SceneName;1.00;0.05;0.04;-0.05;580;679;671;-0.7058;1.402421;-0.03080001;0;0;0;342.2;8.000005;11.2;Normal;0.003951192;0.6633971
SceneName;1.00;0.05;0.04;-0.05;580;680;671;-0.7058;1.402421;-0.03080001;0;0;0;342.2;8.399995;11.60001;Normal;0.004352033;0.6677492
SceneName;1.00;0.06;0.04;-0.06;580;680;672;-0.7058;1.402421;-0.03080001;0;0;0;342.2;8.000005;11.60001;Normal;0.004737794;0.672487
SceneName;1.00;0.06;0.04;-0.06;580;680;672;-0.7058;1.402421;-0.03080001;0;0;0;342.2;8.000005;11.2;Normal;0.004295409;0.6767824
SceneName;1.00;0.06;0.05;-0.06;580;680;672;-0.7058;1.402421;-0.03080001;0;0;0;342.2;8.000005;11.2;Normal;0.003876746;0.6806591
SceneName;1.00;0.06;0.05;-0.06;580;680;672;-0.7058;1.402421;-0.03080001;0;0;0;342.2;8.000005;11.2;Normal;0.004480839;0.68514
SceneName;0.99;0.06;0.05;-0.06;580;681;674;-0.7058;1.402421;-0.03080001;0;0;0;342.2;8.000005;11.2;Normal;0.004427671;0.6895676
SceneName;0.99;0.06;0.05;-0.06;580;681;673;-0.7058;1.402421;-0.03080001;0;0;0;342.2;7.600002;10.4;Normal;0.004226089;0.6937937
SceneName;0.99;0.06;0.05;-0.07;580;682;674;-0.7058;1.402421;-0.03080001;0;0;0;342.2;7.600002;10.8;Normal;0.003960609;0.6977543
SceneName;0.99;0.06;0.05;-0.07;580;682;673;-0.7058;1.402421;-0.03080001;0;0;0;342.2;7.199998;10.4;Normal;0.004331946;0.7020863
SceneName;0.99;0.07;0.05;-0.07;580;681;674;-0.7058;1.402421;-0.03080001;0;0;0;342.2;7.199998;10.8;Normal;0.004717648;0.7068039
SceneName;0.99;0.07;0.06;-0.07;580;682;674;-0.7058;1.402421;-0.03080001;0;0;0;342.2;7.600002;10.4;Normal;0.004313231;0.7111171
SceneName;0.99;0.07;0.06;-0.07;580;682;673;-0.7058;1.402421;-0.03080001;0;0;0;342.2;7.199998;10.4;Normal;0.004459679;0.7155768
SceneName;0.99;0.07;0.06;-0.07;581;682;673;-0.7058;1.402421;-0.03080001;0;0;0;342.2;7.199998;10.8;Normal;0.004407525;0.7199844
SceneName;0.99;0.07;0.06;-0.08;580;682;673;-0.7058;1.402421;-0.03080001;0;0;0;342.44;7.199998;10.8;Normal;0.004658818;0.7246432
SceneName;0.99;0.07;0.06;-0.08;580;681;673;-0.7058;1.402421;-0.03080001;0;0;0;342.2;7.199998;10.8;Normal;0.004373074;0.7290162
SceneName;0.99;0.07;0.06;-0.08;580;682;673;-0.7058;1.402421;-0.03080001;0;0;0;342.2;7.600002;10.8;Normal;0.007974982;0.7369912
SceneName;0.99;0.07;0.06;-0.08;581;682;673;-0.7058;1.402421;-0.03080001;0;0;0;342.2;7.199998;10.8;Normal;0.007785201;0.7447764
SceneName;0.99;0.08;0.06;-0.08;580;682;673;-0.7058;1.402421;-0.03080001;0;0;0;342.44;7.199998;10.8;Normal;0.005240321;0.7500167
SceneName;0.99;0.08;0.06;-0.08;581;681;673;-0.7058;1.402421;-0.03080001;0;0;0;342.2;7.199998;10.8;Normal;0.004882514;0.7548993
SceneName;0.99;0.08;0.07;-0.09;581;682;674;-0.7058;1.402421;-0.03080001;0;0;0;342.44;7.600002;10.8;Normal;0.004736006;0.7596353
SceneName;0.99;0.08;0.07;-0.09;581;682;673;-0.7058;1.402421;-0.03080001;0;0;0;342.44;7.199998;10.4;Normal;0.004740059;0.7643753
SceneName;0.99;0.08;0.07;-0.09;581;682;673;-0.7058;1.402421;-0.03080001;0;0;0;342.44;7.199998;10.8;Normal;0.004793823;0.7691692
SceneName;0.99;0.08;0.07;-0.09;581;682;673;-0.7058;1.402421;-0.03080001;0;0;0;342.44;7.199998;10.8;Normal;0.004291117;0.7734603
SceneName;0.99;0.08;0.07;-0.09;581;682;673;-0.7058;1.402421;-0.03080001;0;0;0;342.44;7.199998;10.8;Normal;0.004493594;0.7779539
SceneName;0.99;0.08;0.07;-0.09;581;682;674;-0.7058;1.402421;-0.03080001;0;0;0;342.44;7.199998;10.8;Normal;0.00496316;0.782917
SceneName;0.99;0.09;0.07;-0.10;581;682;673;-0.7058;1.402421;-0.03080001;0;0;0;342.44;7.199998;10.4;Normal;0.004810691;0.7877277
SceneName;0.99;0.09;0.07;-0.10;581;682;673;-0.7058;1.402421;-0.03080001;0;0;0;342.44;7.199998;10.8;Normal;0.004611611;0.7923393
SceneName;0.99;0.09;0.07;-0.10;581;682;674;-0.7058;1.402421;-0.03080001;0;0;0;342.44;7.199998;10.8;Normal;0.004428446;0.7967678
SceneName;0.99;0.09;0.07;-0.10;582;682;673;-0.7058;1.402421;-0.03080001;0;0;0;342.44;7.199998;10.4;Normal;0.004546881;0.8013147
SceneName;0.99;0.09;0.08;-0.10;582;682;674;-0.7058;1.402421;-0.03080001;0;0;0;342.68;7.199998;10.8;Normal;0.005162001;0.8064767
SceneName;0.99;0.09;0.08;-0.10;582;682;673;-0.7058;1.402421;-0.03080001;0;0;0;342.68;7.199998;10.4;Normal;0.004448414;0.8109251
SceneName;0.99;0.09;0.08;-0.11;582;682;673;-0.7058;1.402421;-0.03080001;0;0;0;342.68;7.199998;10.8;Normal;0.004711568;0.8156366
SceneName;0.99;0.09;0.08;-0.11;582;682;674;-0.7058;1.402421;-0.03080001;0;0;0;342.68;7.199998;10.8;Normal;0.004384816;0.8200215
SceneName;0.99;0.09;0.08;-0.11;582;682;673;-0.7058;1.402421;-0.03080001;0;0;0;342.68;7.199998;10.4;Normal;0.005044103;0.8250656
SceneName;0.99;0.09;0.08;-0.11;582;683;673;-0.7058;1.402421;-0.03080001;0;0;0;342.68;7.199998;10.8;Normal;0.004751086;0.8298166
SceneName;0.99;0.09;0.08;-0.11;582;682;674;-0.7058;1.402421;-0.03080001;0;0;0;342.68;6.800008;10.8;Normal;0.004782975;0.8345996
SceneName;0.99;0.10;0.08;-0.11;582;683;674;-0.7058;1.402421;-0.03080001;0;0;0;342.68;7.199998;10.4;Normal;0.004572749;0.8391724
SceneName;0.99;0.10;0.08;-0.12;582;683;674;-0.7058;1.402421;-0.03080001;0;0;0;342.68;6.800008;10.4;Normal;0.005240381;0.8444127
SceneName;0.98;0.10;0.08;-0.12;582;683;673;-0.7058;1.402421;-0.03080001;0;0;0;342.68;6.800008;10.4;Normal;0.004942894;0.8493556
SceneName;0.98;0.10;0.08;-0.12;582;683;674;-0.7058;1.402421;-0.03080001;0;0;0;342.68;6.800008;10.8;Normal;0.004532099;0.8538877
SceneName;0.98;0.10;0.09;-0.12;582;683;674;-0.7058;1.402421;-0.03080001;0;0;0;342.68;6.800008;10.4;Normal;0.004638791;0.8585265
SceneName;0.98;0.10;0.09;-0.12;582;682;674;-0.7058;1.402421;-0.03080001;0;0;0;342.68;6.800008;10.4;Normal;0.004481137;0.8630077
SceneName;0.98;0.10;0.09;-0.12;582;683;674;-0.7058;1.402421;-0.03080001;0;0;0;342.68;7.199998;10.4;Normal;0.004665196;0.8676729
SceneName;0.98;0.10;0.09;-0.13;582;684;674;-0.7058;1.402421;-0.03080001;0;0;0;342.68;6.800008;10.4;Normal;0.004241705;0.8719146
SceneName;0.98;0.10;0.09;-0.13;583;683;674;-0.7058;1.402421;-0.03080001;0;0;0;342.68;6.399992;10.4;Normal;0.004267156;0.8761817
SceneName;0.98;0.10;0.09;-0.13;582;683;674;-0.7058;1.402421;-0.03080001;0;0;0;342.92;6.800008;10.4;Normal;0.00415045;0.8803322
SceneName;0.98;0.10;0.09;-0.13;582;683;674;-0.7058;1.402421;-0.03080001;0;0;0;342.68;6.800008;10.4;Normal;0.004395545;0.8847277
SceneName;0.98;0.10;0.09;-0.13;582;683;674;-0.7058;1.402421;-0.03080001;0;0;0;342.68;6.800008;10.4;Normal;0.004063725;0.8887914
SceneName;0.98;0.11;0.09;-0.13;583;683;674;-0.7058;1.402421;-0.03080001;0;0;0;342.68;6.800008;10.4;Normal;0.004167199;0.8929586
SceneName;0.98;0.11;0.09;-0.14;582;683;674;-0.7058;1.402421;-0.03080001;0;0;0;342.92;6.800008;10.4;Normal;0.004077077;0.8970357
SceneName;0.98;0.11;0.09;-0.14;583;683;674;-0.7058;1.402421;-0.03080001;0;0;0;342.68;6.800008;10.4;Normal;0.004263937;0.9012997
SceneName;0.98;0.11;0.09;-0.14;583;684;674;-0.7058;1.402421;-0.03080001;0;0;0;342.92;6.800008;10.4;Normal;0.004565597;0.9058653
SceneName;0.98;0.11;0.10;-0.14;583;684;674;-0.7058;1.402421;-0.03080001;0;0;0;342.92;6.399992;10.4;Normal;0.004071176;0.9099364
SceneName;0.98;0.11;0.10;-0.14;582;683;674;-0.7058;1.402421;-0.03080001;0;0;0;342.92;6.399992;10.4;Normal;0.003995121;0.9139315
SceneName;0.98;0.11;0.10;-0.14;583;684;674;-0.7058;1.402421;-0.03080001;0;0;0;342.68;6.800008;10.4;Normal;0.004354775;0.9182863
SceneName;0.98;0.11;0.10;-0.14;582;684;675;-0.7058;1.402421;-0.03080001;0;0;0;342.92;6.399992;10.4;Normal;0.003973544;0.9222599
SceneName;0.98;0.11;0.10;-0.15;583;683;675;-0.7058;1.402421;-0.03080001;0;0;0;342.68;6.399992;10.00001;Normal;0.004415989;0.9266759
SceneName;0.98;0.11;0.10;-0.15;583;684;675;-0.7058;1.402421;-0.03080001;0;0;0;342.92;6.800008;10.00001;Normal;0.00401336;0.9306892
SceneName;0.98;0.11;0.10;-0.15;582;682;676;-0.7058;1.402421;-0.03080001;0;0;0;342.92;6.399992;10.00001;Normal;0.004066408;0.9347556
SceneName;0.98;0.11;0.10;-0.15;583;682;675;-0.7058;1.402421;-0.03080001;0;0;0;342.68;7.199998;9.600003;Normal;0.00398761;0.9387432
SceneName;0.98;0.11;0.10;-0.15;582;682;676;-0.7058;1.402421;-0.03080001;0;0;0;342.92;7.199998;10.00001;Normal;0.007282138;0.9460254
SceneName;0.98;0.11;0.10;-0.16;583;682;677;-0.7058;1.402421;-0.03080001;0;0;0;342.68;7.199998;9.600003;Normal;0.006110191;0.9521356
SceneName;0.98;0.11;0.10;-0.16;583;682;676;-0.7058;1.402421;-0.03080001;0;0;0;342.92;7.199998;9.200001;Normal;0.004345357;0.9564809
SceneName;0.97;0.11;0.11;-0.16;582;682;676;-0.7058;1.402421;-0.03080001;0;0;0;342.92;7.199998;9.600003;Normal;0.004860044;0.961341
SceneName;0.97;0.11;0.11;-0.16;582;682;677;-0.7058;1.402421;-0.03080001;0;0;0;342.68;7.199998;9.600003;Normal;0.004650295;0.9659913
SceneName;0.97;0.11;0.11;-0.16;583;681;679;-0.7058;1.402421;-0.03080001;0;0;0;342.68;7.199998;9.200001;Normal;0.004375696;0.970367
SceneName;0.97;0.11;0.11;-0.17;583;682;679;-0.7058;1.402421;-0.03080001;0;0;0;342.92;7.600002;8.399995;Normal;0.004577577;0.9749445
SceneName;0.97;0.11;0.11;-0.17;583;683;680;-0.7058;1.402421;-0.03080001;0;0;0;342.92;7.199998;8.399995;Normal;0.004633605;0.9795781
SceneName;0.97;0.11;0.11;-0.17;583;683;681;-0.7058;1.402421;-0.03080001;0;0;0;342.92;6.800008;8.000005;Normal;0.004691124;0.9842693
SceneName;0.97;0.11;0.11;-0.17;584;683;682;-0.7058;1.402421;-0.03080001;0;0;0;342.92;6.800008;7.600002;Normal;0.004384577;0.9886538
SceneName;0.97;0.11;0.11;-0.18;584;683;684;-0.7058;1.402421;-0.03080001;0;0;0;343.16;6.800008;7.199998;Normal;0.0043419;0.9929957
SceneName;0.97;0.11;0.11;-0.18;584;684;686;-0.7058;1.402421;-0.03080001;0;0;0;343.16;6.800008;6.399992;Normal;0.005354226;0.99835
SceneName;0.97;0.10;0.12;-0.18;585;685;689;-0.7058;1.402421;-0.03080001;0;0;0;343.16;6.399992;5.600012;Normal;0.005114973;1.003465
SceneName;0.97;0.10;0.12;-0.18;585;686;693;-0.7058;1.402421;-0.03080001;0;0;0;343.4;6.000002;4.39999;Normal;0.00459981;1.008065
SceneName;0.97;0.09;0.13;-0.18;585;687;697;-0.7058;1.402421;-0.03080001;0;0;0;343.4;5.600012;2.800004;Normal;0.004661441;1.012726
SceneName;0.97;0.08;0.14;-0.18;586;687;699;-0.7058;1.402421;-0.03080001;0;0;0;343.4;5.199996;1.200005;Normal;0.004565001;1.017291
SceneName;0.97;0.08;0.16;-0.19;585;687;703;-0.7058;1.402421;-0.03080001;0;0;0;343.64;5.199996;0.3999982;Normal;0.003906727;1.021198
SceneName;0.96;0.07;0.17;-0.19;586;686;705;-0.7058;1.402421;-0.03080001;0;0;0;343.4;5.199996;358.8;Normal;0.004490972;1.025689
SceneName;0.96;0.06;0.19;-0.19;586;686;708;-0.7058;1.402421;-0.03080001;0;0;0;343.64;5.600012;358;Normal;0.004572034;1.030261
SceneName;0.96;0.05;0.21;-0.20;586;686;711;-0.7058;1.402421;-0.03080001;0;0;0;343.64;5.600012;356.8;Normal;0.004744768;1.035006
SceneName;0.95;0.04;0.23;-0.20;588;685;713;-0.7058;1.402421;-0.03080001;0;0;0;343.64;5.600012;355.6;Normal;0.004220009;1.039226
SceneName;0.95;0.04;0.25;-0.21;590;682;715;-0.7058;1.402421;-0.03080001;0;0;0;344.12;6.000002;354.8;Normal;0.004169226;1.043395
SceneName;0.94;0.03;0.27;-0.21;594;680;718;-0.7058;1.402421;-0.03080001;0;0;0;344.6;7.199998;354;Normal;0.004453778;1.047849
SceneName;0.93;0.02;0.29;-0.22;599;678;719;-0.7058;1.402421;-0.03080001;0;0;0;345.56;8.000005;352.8;Normal;0.004631519;1.05248
SceneName;0.93;0.02;0.31;-0.22;605;676;720;-0.7058;1.402421;-0.03080001;0;0;0;346.76;8.800011;352.4;Normal;0.004500389;1.056981
SceneName;0.92;0.01;0.32;-0.22;610;672;720;-0.7058;1.402421;-0.03080001;0;0;0;348.2;9.600003;352;Normal;0.004310608;1.061291
SceneName;0.92;-0.00;0.33;-0.22;614;670;719;-0.7058;1.402421;-0.03080001;0;0;0;349.4;11.2;352;Normal;0.005705833;1.066997
SceneName;0.92;-0.01;0.33;-0.22;617;665;716;-0.7058;1.402421;-0.03080001;0;0;0;350.36;12;352.4;Normal;0.004384041;1.071381
SceneName;0.92;-0.02;0.33;-0.22;620;661;713;-0.7058;1.402421;-0.03080001;0;0;0;351.08;14;353.6;Normal;0.004605412;1.075987
SceneName;0.92;-0.03;0.33;-0.22;622;657;708;-0.7058;1.402421;-0.03080001;0;0;0;351.8;15.60001;354.8;Normal;0.004233122;1.08022
SceneName;0.91;-0.04;0.34;-0.22;624;651;705;-0.7058;1.402421;-0.03080001;0;0;0;352.28;17.2;356.8;Normal;0.004716635;1.084936
SceneName;0.91;-0.04;0.34;-0.23;626;647;703;-0.7058;1.402421;-0.03080001;0;0;0;352.76;19.6;358;Normal;0.004470944;1.089407
SceneName;0.91;-0.05;0.34;-0.23;628;643;701;-0.7058;1.402421;-0.03080001;0;0;0;353.24;21.2;358.8;Normal;0.004450917;1.093858
SceneName;0.91;-0.05;0.35;-0.23;632;640;702;-0.7058;1.402421;-0.03080001;0;0;0;353.72;22.8;359.6;Normal;0.004855871;1.098714
SceneName;0.90;-0.06;0.36;-0.23;638;636;702;-0.7058;1.402421;-0.03080001;0;0;0;354.68;24;359.2;Normal;0.004541397;1.103255
SceneName;0.90;-0.07;0.36;-0.23;642;636;702;-0.7058;1.402421;-0.03080001;0;0;0;356.12;25.60001;359.2;Normal;0.004648805;1.107904
SceneName;0.90;-0.08;0.37;-0.23;643;634;702;-0.7058;1.402421;-0.03080001;0;0;0;357.08;25.60001;359.2;Normal;0.004674554;1.112579
SceneName;0.89;-0.09;0.37;-0.23;643;633;701;-0.7058;1.402421;-0.03080001;0;0;0;357.32;26.4;359.2;Normal;0.004725218;1.117304
SceneName;0.89;-0.10;0.38;-0.23;642;633;703;-0.7058;1.402421;-0.03080001;0;0;0;357.32;26.8;359.6;Normal;0.004192472;1.121496
SceneName;0.89;-0.11;0.38;-0.23;640;633;703;-0.7058;1.402421;-0.03080001;0;0;0;357.08;26.8;358.8;Normal;0.004689574;1.126186
SceneName;0.88;-0.12;0.39;-0.23;639;631;705;-0.7058;1.402421;-0.03080001;0;0;0;356.6;26.8;358.8;Normal;0.00522387;1.13141
SceneName;0.88;-0.13;0.40;-0.23;637;631;707;-0.7058;1.402421;-0.03080001;0;0;0;356.36;27.60001;358;Normal;0.004568458;1.135978
SceneName;0.88;-0.13;0.40;-0.22;636;631;707;-0.7058;1.402421;-0.03080001;0;0;0;355.88;27.60001;357.2;Normal;0.004561543;1.14054
SceneName;0.87;-0.14;0.41;-0.22;634;630;709;-0.7058;1.402421;-0.03080001;0;0;0;355.64;27.60001;357.2;Normal;0.007443786;1.147984
SceneName;0.87;-0.14;0.42;-0.22;633;630;711;-0.7058;1.402421;-0.03080001;0;0;0;355.16;28;356.4;Normal;0.004613876;1.152598
SceneName;0.87;-0.14;0.42;-0.22;632;630;712;-0.7058;1.402421;-0.03080001;0;0;0;354.92;28;355.6;Normal;0.004268765;1.156866
SceneName;0.87;-0.14;0.42;-0.21;631;631;714;-0.7058;1.402421;-0.03080001;0;0;0;354.68;28;355.2;Normal;0.005055785;1.161922
SceneName;0.87;-0.14;0.42;-0.21;630;631;717;-0.7058;1.402421;-0.03080001;0;0;0;354.44;27.60001;354.4;Normal;0.004764795;1.166687
SceneName;0.87;-0.14;0.42;-0.21;629;634;719;-0.7058;1.402421;-0.03080001;0;0;0;354.2;27.60001;353.2;Normal;0.004048705;1.170736
SceneName;0.88;-0.14;0.41;-0.20;627;634;721;-0.7058;1.402421;-0.03080001;0;0;0;353.96;26.4;352.4;Normal;0.004531026;1.175267
SceneName;0.88;-0.13;0.41;-0.20;627;636;726;-0.7058;1.402421;-0.03080001;0;0;0;353.48;26.4;351.6;Normal;0.004063368;1.17933
SceneName;0.88;-0.13;0.40;-0.20;627;638;727;-0.7058;1.402421;-0.03080001;0;0;0;353.48;25.60001;349.6;Normal;0.004718184;1.184048
SceneName;0.89;-0.13;0.40;-0.20;627;639;727;-0.7058;1.402421;-0.03080001;0;0;0;353.48;24.8;349.2;Normal;0.005006552;1.189055
SceneName;0.89;-0.13;0.39;-0.21;626;639;727;-0.7058;1.402421;-0.03080001;0;0;0;353.48;24.4;349.2;Normal;0.004393697;1.193448
SceneName;0.89;-0.13;0.38;-0.21;625;640;728;-0.7058;1.402421;-0.03080001;0;0;0;353.24;24.4;349.2;Normal;0.00458169;1.19803
SceneName;0.90;-0.13;0.37;-0.21;626;641;730;-0.7058;1.402421;-0.03080001;0;0;0;353;24;348.8;Normal;0.004630566;1.202661
SceneName;0.90;-0.14;0.36;-0.21;626;640;730;-0.7058;1.402421;-0.03080001;0;0;0;353.24;23.6;348;Normal;0.004615664;1.207276
SceneName;0.91;-0.14;0.35;-0.20;624;640;730;-0.7058;1.402421;-0.03080001;0;0;0;353.24;24;348;Normal;0.004271388;1.211548
SceneName;0.91;-0.14;0.33;-0.20;624;641;731;-0.7058;1.402421;-0.03080001;0;0;0;352.76;24;348;Normal;0.004783034;1.216331
SceneName;0.92;-0.14;0.31;-0.20;623;643;730;-0.7058;1.402421;-0.03080001;0;0;0;352.76;23.6;347.6;Normal;0.004229784;1.220561
SceneName;0.93;-0.14;0.29;-0.20;622;646;729;-0.7058;1.402421;-0.03080001;0;0;0;352.52;22.8;348;Normal;0.004698038;1.225259
SceneName;0.93;-0.14;0.27;-0.20;621;651;728;-0.7058;1.402421;-0.03080001;0;0;0;352.28;21.6;348.4;Normal;0.00439477;1.229653
SceneName;0.94;-0.14;0.25;-0.20;620;658;728;-0.7058;1.402421;-0.03080001;0;0;0;352.04;19.6;348.8;Normal;0.004929304;1.234583
SceneName;0.94;-0.14;0.24;-0.20;619;667;725;-0.7058;1.402421;-0.03080001;0;0;0;351.8;16.80001;348.8;Normal;0.004260898;1.238844
SceneName;0.95;-0.14;0.22;-0.20;619;674;724;-0.7058;1.402421;-0.03080001;0;0;0;351.56;13.20001;350;Normal;0.004614711;1.243458
SceneName;0.95;-0.14;0.20;-0.20;618;677;721;-0.7058;1.402421;-0.03080001;0;0;0;351.56;10.4;350.4;Normal;0.00533402;1.248792
SceneName;0.95;-0.14;0.18;-0.19;615;681;714;-0.7058;1.402421;-0.03080001;0;0;0;351.32;9.200001;351.6;Normal;0.005122304;1.253915
SceneName;0.96;-0.14;0.16;-0.19;612;680;719;-0.7058;1.402421;-0.03080001;0;0;0;350.6;7.600002;354.4;Normal;0.004737616;1.258652
SceneName;0.96;-0.15;0.14;-0.18;611;678;718;-0.7058;1.402421;-0.03080001;0;0;0;349.88;8.000005;352.4;Normal;0.004614592;1.263267
SceneName;0.96;-0.15;0.12;-0.18;609;678;716;-0.7058;1.402421;-0.03080001;0;0;0;349.64;8.800011;352.8;Normal;0.004867196;1.268134
SceneName;0.97;-0.15;0.11;-0.18;606;676;716;-0.7058;1.402421;-0.03080001;0;0;0;349.16;8.800011;353.6;Normal;0.005390882;1.273525
SceneName;0.97;-0.15;0.09;-0.18;605;674;714;-0.7058;1.402421;-0.03080001;0;0;0;348.44;9.600003;353.6;Normal;0.004362702;1.277888
SceneName;0.97;-0.14;0.08;-0.17;603;670;710;-0.7058;1.402421;-0.03080001;0;0;0;348.2;10.4;354.4;Normal;0.004464984;1.282353
SceneName;0.97;-0.14;0.08;-0.17;603;666;709;-0.7058;1.402421;-0.03080001;0;0;0;347.72;12;356;Normal;0.004327536;1.28668
SceneName;0.97;-0.14;0.07;-0.17;600;661;709;-0.7058;1.402421;-0.03080001;0;0;0;347.72;13.60001;356.4;Normal;0.004215598;1.290896
SceneName;0.97;-0.15;0.07;-0.16;599;655;707;-0.7058;1.402421;-0.03080001;0;0;0;347;15.60001;356.4;Normal;0.004523754;1.295419
SceneName;0.97;-0.15;0.06;-0.16;597;651;707;-0.7058;1.402421;-0.03080001;0;0;0;346.76;18;357.2;Normal;0.004654288;1.300074
SceneName;0.97;-0.16;0.06;-0.16;595;645;707;-0.7058;1.402421;-0.03080001;0;0;0;346.28;19.6;357.2;Normal;0.004853845;1.304928
SceneName;0.97;-0.17;0.06;-0.15;592;638;708;-0.7058;1.402421;-0.03080001;0;0;0;345.8;22.00001;357.2;Normal;0.004572988;1.309501
SceneName;0.97;-0.17;0.06;-0.16;590;633;706;-0.7058;1.402421;-0.03080001;0;0;0;345.08;24.8;356.8;Normal;0.004538655;1.314039
SceneName;0.97;-0.17;0.07;-0.16;590;628;707;-0.7058;1.402421;-0.03080001;0;0;0;344.6;26.8;357.6;Normal;0.004259586;1.318299
SceneName;0.97;-0.17;0.08;-0.16;589;624;706;-0.7058;1.402421;-0.03080001;0;0;0;344.6;28.80001;357.2;Normal;0.004483223;1.322782
SceneName;0.97;-0.17;0.10;-0.16;588;622;705;-0.7058;1.402421;-0.03080001;0;0;0;344.36;30.4;357.6;Normal;0.004556417;1.327338
SceneName;0.96;-0.18;0.12;-0.16;588;619;703;-0.7058;1.402421;-0.03080001;0;0;0;344.12;31.2;358;Normal;0.004373789;1.331712
SceneName;0.96;-0.18;0.14;-0.16;587;616;702;-0.7058;1.402421;-0.03080001;0;0;0;344.12;32.4;358.8;Normal;0.004326344;1.336039
SceneName;0.96;-0.19;0.15;-0.16;586;612;699;-0.7058;1.402421;-0.03080001;0;0;0;343.88;33.60001;359.2;Normal;0.004244447;1.340283
SceneName;0.95;-0.20;0.17;-0.16;584;610;696;-0.7058;1.402421;-0.03080001;0;0;0;343.64;35.20001;0.3999982;Normal;0.00492835;1.345211
SceneName;0.95;-0.21;0.17;-0.15;584;608;691;-0.7058;1.402421;-0.03080001;0;0;0;343.16;36;1.600008;Normal;0.006982088;1.352193
SceneName;0.95;-0.22;0.18;-0.15;582;605;687;-0.7058;1.402421;-0.03080001;0;0;0;343.16;36.8;3.600011;Normal;0.004202962;1.356396
SceneName;0.95;-0.22;0.18;-0.15;583;603;680;-0.7058;1.402421;-0.03080001;0;0;0;342.68;38;5.199996;Normal;0.004650116;1.361047
SceneName;0.94;-0.23;0.18;-0.15;582;601;674;-0.7058;1.402421;-0.03080001;0;0;0;342.92;38.8;8.000005;Normal;0.005126834;1.366173
SceneName;0.94;-0.24;0.18;-0.15;581;600;668;-0.7058;1.402421;-0.03080001;0;0;0;342.68;39.60001;10.4;Normal;0.004196167;1.37037
SceneName;0.94;-0.24;0.19;-0.15;581;597;664;-0.7058;1.402421;-0.03080001;0;0;0;342.44;40;12.8;Normal;0.004607081;1.374977
SceneName;0.94;-0.25;0.20;-0.15;581;597;661;-0.7058;1.402421;-0.03080001;0;0;0;342.44;41.2;14.4;Normal;0.004252672;1.379229
SceneName;0.93;-0.26;0.21;-0.15;581;596;656;-0.7058;1.402421;-0.03080001;0;0;0;342.44;41.2;15.60001;Normal;0.004471779;1.383701
SceneName;0.93;-0.26;0.22;-0.15;581;594;651;-0.7058;1.402421;-0.03080001;0;0;0;342.44;41.60001;17.60001;Normal;0.004253507;1.387955
SceneName;0.93;-0.27;0.23;-0.15;581;594;646;-0.7058;1.402421;-0.03080001;0;0;0;342.44;42.39999;19.6;Normal;0.004533172;1.392488
SceneName;0.92;-0.27;0.23;-0.15;581;593;640;-0.7058;1.402421;-0.03080001;0;0;0;342.44;42.39999;21.6;Normal;0.004379392;1.396867
SceneName;0.92;-0.28;0.24;-0.14;579;592;635;-0.7058;1.402421;-0.03080001;0;0;0;342.44;42.80001;24;Normal;0.004303336;1.40117
SceneName;0.92;-0.28;0.25;-0.14;580;590;632;-0.7058;1.402421;-0.03080001;0;0;0;341.96;43.2;26;Normal;0.004633904;1.405804
SceneName;0.91;-0.29;0.26;-0.14;579;591;629;-0.7058;1.402421;-0.03080001;0;0;0;342.2;44.00001;27.2;Normal;0.004269719;1.410074
SceneName;0.91;-0.29;0.27;-0.14;579;590;628;-0.7058;1.402421;-0.03080001;0;0;0;341.96;43.60001;28.39999;Normal;0.004287481;1.414362
SceneName;0.90;-0.29;0.28;-0.15;579;589;625;-0.7058;1.402421;-0.03080001;0;0;0;341.96;44.00001;28.80001;Normal;0.004335999;1.418698
SceneName;0.90;-0.30;0.29;-0.15;578;590;624;-0.7058;1.402421;-0.03080001;0;0;0;341.96;44.4;30;Normal;0.004456401;1.423154
SceneName;0.89;-0.30;0.30;-0.15;578;588;623;-0.7058;1.402421;-0.03080001;0;0;0;341.72;44.00001;30.4;Normal;0.004412532;1.427567
SceneName;0.89;-0.30;0.31;-0.15;578;590;624;-0.7058;1.402421;-0.03080001;0;0;0;341.72;44.8;30.80001;Normal;0.004474163;1.432041
SceneName;0.89;-0.30;0.32;-0.15;576;588;623;-0.7058;1.402421;-0.03080001;0;0;0;341.72;44.00001;30.4;Normal;0.004279971;1.436321
SceneName;0.88;-0.30;0.33;-0.16;575;588;622;-0.7058;1.402421;-0.03080001;0;0;0;341.24;44.8;30.80001;Normal;0.00397706;1.440298
SceneName;0.88;-0.30;0.34;-0.16;575;589;623;-0.7058;1.402421;-0.03080001;0;0;0;341;44.8;31.2;Normal;0.004678607;1.444976
SceneName;0.88;-0.29;0.35;-0.16;574;587;623;-0.7058;1.402421;-0.03080001;0;0;0;341;44.4;30.80001;Normal;0.004374981;1.449351
SceneName;0.87;-0.29;0.36;-0.16;574;587;623;-0.7058;1.402421;-0.03080001;0;0;0;340.76;45.2;30.80001;Normal;0.004277706;1.453629
SceneName;0.87;-0.29;0.37;-0.17;575;586;624;-0.7058;1.402421;-0.03080001;0;0;0;340.76;45.2;30.80001;Normal;0.004464388;1.458093
SceneName;0.86;-0.29;0.39;-0.17;575;586;622;-0.7058;1.402421;-0.03080001;0;0;0;341;45.60001;30.4;Normal;0.004184008;1.462277
SceneName;0.85;-0.28;0.40;-0.17;575;585;622;-0.7058;1.402421;-0.03080001;0;0;0;341;45.60001;31.2;Normal;0.006281376;1.468559
SceneName;0.85;-0.28;0.41;-0.17;578;585;624;-0.7058;1.402421;-0.03080001;0;0;0;341;46.00001;31.2;Normal;0.004156113;1.472715
SceneName;0.85;-0.28;0.42;-0.17;580;584;624;-0.7058;1.402421;-0.03080001;0;0;0;341.72;46.00001;30.4;Normal;0.004455686;1.477171
SceneName;0.84;-0.28;0.42;-0.17;583;584;623;-0.7058;1.402421;-0.03080001;0;0;0;342.2;46.4;30.4;Normal;0.004812717;1.481983
SceneName;0.84;-0.28;0.43;-0.17;589;583;625;-0.7058;1.402421;-0.03080001;0;0;0;342.92;46.4;30.80001;Normal;0.005007625;1.486991
SceneName;0.84;-0.28;0.43;-0.17;592;583;624;-0.7058;1.402421;-0.03080001;0;0;0;344.36;46.80001;30;Normal;0.004942656;1.491934
SceneName;0.84;-0.28;0.43;-0.17;594;584;626;-0.7058;1.402421;-0.03080001;0;0;0;345.08;46.80001;30.4;Normal;0.004067063;1.496001
SceneName;0.84;-0.28;0.44;-0.17;597;584;627;-0.7058;1.402421;-0.03080001;0;0;0;345.56;46.4;29.60001;Normal;0.004624844;1.500625
SceneName;0.83;-0.28;0.44;-0.17;600;585;629;-0.7058;1.402421;-0.03080001;0;0;0;346.28;46.4;29.2;Normal;0.004880309;1.505506
SceneName;0.83;-0.28;0.45;-0.17;601;586;604;-0.7058;1.402421;-0.03080001;0;0;0;347;46.00001;28.39999;Normal;0.004148245;1.509654
SceneName;0.83;-0.28;0.45;-0.17;603;587;599;-0.7058;1.402421;-0.03080001;0;0;0;347.24;45.60001;38.40001;Normal;0.005245447;1.514899
SceneName;0.83;-0.28;0.45;-0.16;605;586;595;-0.7058;1.402421;-0.03080001;0;0;0;347.72;45.2;40.39999;Normal;0.004249334;1.519149
SceneName;0.83;-0.28;0.45;-0.16;606;587;594;-0.7058;1.402421;-0.03080001;0;0;0;348.2;45.60001;42;Normal;0.004474759;1.523624
SceneName;0.83;-0.28;0.45;-0.15;606;587;595;-0.7058;1.402421;-0.03080001;0;0;0;348.44;45.2;42.39999;Normal;0.004638672;1.528262
SceneName;0.83;-0.29;0.45;-0.14;606;588;594;-0.7058;1.402421;-0.03080001;0;0;0;348.44;45.2;42;Normal;0.006472707;1.534735
SceneName;0.84;-0.29;0.45;-0.14;605;587;594;-0.7058;1.402421;-0.03080001;0;0;0;348.44;44.8;42.39999;Normal;0.00630343;1.541038
SceneName;0.84;-0.29;0.44;-0.13;604;588;593;-0.7058;1.402421;-0.03080001;0;0;0;348.2;45.2;42.39999;Normal;0.006163597;1.547202
SceneName;0.84;-0.29;0.44;-0.13;603;587;605;-0.7058;1.402421;-0.03080001;0;0;0;347.96;44.8;42.80001;Normal;0.01041317;1.557615
SceneName;0.84;-0.30;0.44;-0.12;603;586;617;-0.7058;1.402421;-0.03080001;0;0;0;347.72;45.2;38;Normal;0.00618279;1.563798
SceneName;0.84;-0.30;0.45;-0.12;602;587;621;-0.7058;1.402421;-0.03080001;0;0;0;347.72;45.60001;33.2;Normal;0.008200526;1.571998
SceneName;0.84;-0.30;0.45;-0.11;601;587;633;-0.7058;1.402421;-0.03080001;0;0;0;347.48;45.2;31.60001;Normal;0.007346392;1.579345
SceneName;0.84;-0.30;0.45;-0.11;602;586;633;-0.7058;1.402421;-0.03080001;0;0;0;347.24;45.2;26.8;Normal;0.008321404;1.587666
SceneName;0.84;-0.30;0.44;-0.10;603;587;634;-0.7058;1.402421;-0.03080001;0;0;0;347.48;45.60001;26.8;Normal;0.00835228;1.596019
SceneName;0.84;-0.30;0.44;-0.10;604;587;633;-0.7058;1.402421;-0.03080001;0;0;0;347.72;45.2;26.4;Normal;0.007879972;1.603899
SceneName;0.84;-0.31;0.44;-0.09;602;586;634;-0.7058;1.402421;-0.03080001;0;0;0;347.96;45.2;26.8;Normal;0.006352663;1.610251
SceneName;0.84;-0.31;0.43;-0.09;602;586;633;-0.7058;1.402421;-0.03080001;0;0;0;347.48;45.60001;26.4;Normal;0.007060528;1.617312
SceneName;0.84;-0.31;0.43;-0.08;602;584;632;-0.7058;1.402421;-0.03080001;0;0;0;347.48;45.60001;26.8;Normal;0.006942034;1.624254
SceneName;0.84;-0.31;0.43;-0.08;601;586;631;-0.7058;1.402421;-0.03080001;0;0;0;347.48;46.4;27.2;Normal;0.006356597;1.63061
SceneName;0.84;-0.31;0.43;-0.07;600;586;629;-0.7058;1.402421;-0.03080001;0;0;0;347.24;45.60001;27.60001;Normal;0.005557299;1.636168
SceneName;0.84;-0.31;0.43;-0.07;600;584;629;-0.7058;1.402421;-0.03080001;0;0;0;347;45.60001;28.39999;Normal;0.006865025;1.643033
SceneName;0.84;-0.32;0.43;-0.06;601;586;627;-0.7058;1.402421;-0.03080001;0;0;0;347;46.4;28.39999;Normal;0.00600183;1.649035
SceneName;0.84;-0.32;0.43;-0.06;601;586;627;-0.7058;1.402421;-0.03080001;0;0;0;347.24;45.60001;29.2;Normal;0.00662148;1.655656
SceneName;0.84;-0.32;0.43;-0.05;600;586;627;-0.7058;1.402421;-0.03080001;0;0;0;347.24;45.60001;29.2;Normal;0.007504821;1.663161
SceneName;0.84;-0.32;0.43;-0.05;602;586;626;-0.7058;1.402421;-0.03080001;0;0;0;347;45.60001;29.2;Normal;0.00510931;1.66827
SceneName;0.84;-0.33;0.43;-0.04;600;587;627;-0.7058;1.402421;-0.03080001;0;0;0;347.48;45.60001;29.60001;Normal;0.004368782;1.672639
SceneName;0.84;-0.33;0.43;-0.04;602;587;625;-0.7058;1.402421;-0.03080001;0;0;0;347;45.2;29.2;Normal;0.004227161;1.676866
SceneName;0.84;-0.33;0.43;-0.03;600;586;625;-0.7058;1.402421;-0.03080001;0;0;0;347.48;45.2;30;Normal;0.004031539;1.680898
SceneName;0.83;-0.33;0.44;-0.03;601;587;625;-0.7058;1.402421;-0.03080001;0;0;0;347;45.60001;30;Normal;0.004531622;1.685429
SceneName;0.83;-0.33;0.44;-0.02;600;588;625;-0.7058;1.402421;-0.03080001;0;0;0;347.24;45.2;30;Normal;0.003923297;1.689353
SceneName;0.83;-0.34;0.44;-0.01;599;588;623;-0.7058;1.402421;-0.03080001;0;0;0;347;44.8;30;Normal;0.004179001;1.693532
SceneName;0.83;-0.34;0.44;-0.01;599;587;623;-0.7058;1.402421;-0.03080001;0;0;0;346.76;44.8;30.80001;Normal;0.004311919;1.697843
SceneName;0.83;-0.34;0.44;-0.01;598;589;622;-0.7058;1.402421;-0.03080001;0;0;0;346.76;45.2;30.80001;Normal;0.004186749;1.70203
SceneName;0.83;-0.34;0.44;-0.00;599;588;624;-0.7058;1.402421;-0.03080001;0;0;0;346.52;44.4;31.2;Normal;0.006035209;1.708065
SceneName;0.83;-0.34;0.44;-0.00;598;587;624;-0.7058;1.402421;-0.03080001;0;0;0;346.76;44.8;30.4;Normal;0.004135013;1.7122
SceneName;0.83;-0.34;0.44;0.00;599;587;623;-0.7058;1.402421;-0.03080001;0;0;0;346.52;45.2;30.4;Normal;0.004710197;1.716911
SceneName;0.83;-0.34;0.44;0.01;598;588;624;-0.7058;1.402421;-0.03080001;0;0;0;346.76;45.2;30.80001;Normal;0.009195685;1.726106
SceneName;0.83;-0.34;0.44;0.01;599;589;623;-0.7058;1.402421;-0.03080001;0;0;0;346.52;44.8;30.4;Normal;0.004323721;1.73043
SceneName;0.83;-0.34;0.44;0.02;597;588;624;-0.7058;1.402421;-0.03080001;0;0;0;346.76;44.4;30.80001;Normal;0.01056373;1.740994
SceneName;0.83;-0.34;0.44;0.02;596;588;624;-0.7058;1.402421;-0.03080001;0;0;0;346.28;44.8;30.4;Normal;0.01006794;1.751062
SceneName;0.83;-0.34;0.44;0.02;597;589;624;-0.7058;1.402421;-0.03080001;0;0;0;346.04;44.8;30.4;Normal;0.02106142;1.772123
SceneName;0.83;-0.34;0.44;0.03;596;588;626;-0.7058;1.402421;-0.03080001;0;0;0;346.28;44.4;30.4;Normal;0.004627347;1.77675
SceneName;0.83;-0.34;0.44;0.03;596;588;625;-0.7058;1.402421;-0.03080001;0;0;0;346.04;44.8;29.60001;Normal;0.003862023;1.780612
SceneName;0.84;-0.34;0.43;0.03;595;588;626;-0.7058;1.402421;-0.03080001;0;0;0;346.04;44.8;30;Normal;0.01173317;1.792346
SceneName;0.84;-0.34;0.43;0.03;595;588;626;-0.7058;1.402421;-0.03080001;0;0;0;345.8;44.8;29.60001;Normal;0.008533478;1.800879
SceneName;0.84;-0.34;0.43;0.03;595;588;626;-0.7058;1.402421;-0.03080001;0;0;0;345.8;44.8;29.60001;Normal;0.01036108;1.81124
SceneName;0.84;-0.33;0.43;0.04;594;589;626;-0.7058;1.402421;-0.03080001;0;0;0;345.8;44.8;29.60001;Normal;0.01001608;1.821256
SceneName;0.84;-0.33;0.42;0.04;594;589;628;-0.7058;1.402421;-0.03080001;0;0;0;345.56;44.4;29.60001;Normal;0.009649396;1.830906
SceneName;0.84;-0.33;0.42;0.04;593;588;626;-0.7058;1.402421;-0.03080001;0;0;0;345.56;44.4;28.80001;Normal;0.01035666;1.841262
SceneName;0.84;-0.33;0.42;0.04;594;589;628;-0.7058;1.402421;-0.03080001;0;0;0;345.32;44.8;29.60001;Normal;0.01077867;1.852041
SceneName;0.84;-0.33;0.42;0.05;593;587;627;-0.7058;1.402421;-0.03080001;0;0;0;345.56;44.4;28.80001;Normal;0.008835793;1.860877
SceneName;0.85;-0.33;0.42;0.05;592;588;629;-0.7058;1.402421;-0.03080001;0;0;0;345.32;45.2;29.2;Normal;0.009878993;1.870756
SceneName;0.85;-0.33;0.41;0.05;593;588;629;-0.7058;1.402421;-0.03080001;0;0;0;345.08;44.8;28.39999;Normal;0.0105958;1.881352
SceneName;0.85;-0.33;0.41;0.05;592;587;630;-0.7058;1.402421;-0.03080001;0;0;0;345.32;44.8;28.39999;Normal;0.009830952;1.891183
SceneName;0.85;-0.33;0.41;0.05;593;588;630;-0.7058;1.402421;-0.03080001;0;0;0;345.08;45.2;28;Normal;0.009705186;1.900888
SceneName;0.85;-0.33;0.41;0.05;592;587;631;-0.7058;1.402421;-0.03080001;0;0;0;345.32;44.8;28;Normal;0.01006997;1.910958
SceneName;0.85;-0.33;0.41;0.05;592;588;631;-0.7058;1.402421;-0.03080001;0;0;0;345.08;45.2;27.60001;Normal;0.01011574;1.921073
SceneName;0.85;-0.33;0.41;0.06;591;587;633;-0.7058;1.402421;-0.03080001;0;0;0;345.08;44.8;27.60001;Normal;0.01009178;1.931165
SceneName;0.85;-0.32;0.41;0.06;591;587;635;-0.7058;1.402421;-0.03080001;0;0;0;344.84;45.2;26.8;Normal;0.009917378;1.941083
SceneName;0.85;-0.32;0.41;0.06;591;588;638;-0.7058;1.402421;-0.03080001;0;0;0;344.84;45.2;26;Normal;0.01015365;1.951236
SceneName;0.85;-0.32;0.41;0.06;590;588;639;-0.7058;1.402421;-0.03080001;0;0;0;344.84;44.8;24.8;Normal;0.01232362;1.96356
SceneName;0.85;-0.32;0.41;0.06;589;588;640;-0.7058;1.402421;-0.03080001;0;0;0;344.6;44.8;24.4;Normal;0.008392572;1.971952
SceneName;0.85;-0.32;0.41;0.06;590;588;642;-0.7058;1.402421;-0.03080001;0;0;0;344.36;44.8;24;Normal;0.009378314;1.981331
SceneName;0.86;-0.32;0.40;0.06;589;588;645;-0.7058;1.402421;-0.03080001;0;0;0;344.6;44.8;23.20001;Normal;0.009903431;1.991234
SceneName;0.86;-0.32;0.40;0.06;589;588;645;-0.7058;1.402421;-0.03080001;0;0;0;344.36;44.8;22.00001;Normal;0.01004803;2.001282
SceneName;0.86;-0.31;0.40;0.06;589;588;649;-0.7058;1.402421;-0.03080001;0;0;0;344.36;44.8;22.00001;Normal;0.009671926;2.010954
SceneName;0.86;-0.31;0.40;0.06;589;587;652;-0.7058;1.402421;-0.03080001;0;0;0;344.36;44.8;20.39999;Normal;0.01042271;2.021377
SceneName;0.86;-0.31;0.40;0.06;588;587;656;-0.7058;1.402421;-0.03080001;0;0;0;344.36;45.2;19.2;Normal;0.01006246;2.031439
SceneName;0.86;-0.31;0.40;0.06;587;587;657;-0.7058;1.402421;-0.03080001;0;0;0;344.12;45.2;17.60001;Normal;0.00937891;2.040818
SceneName;0.86;-0.30;0.40;0.06;588;587;659;-0.7058;1.402421;-0.03080001;0;0;0;343.88;45.2;17.2;Normal;0.009958506;2.050777
SceneName;0.86;-0.30;0.40;0.07;587;587;660;-0.7058;1.402421;-0.03080001;0;0;0;344.12;45.2;16.39999;Normal;0.01011324;2.06089
SceneName;0.86;-0.30;0.40;0.07;585;587;661;-0.7058;1.402421;-0.03080001;0;0;0;343.88;45.2;16;Normal;0.01813078;2.079021
SceneName;0.87;-0.30;0.40;0.07;586;587;662;-0.7058;1.402421;-0.03080001;0;0;0;343.4;45.2;15.60001;Normal;0.005119324;2.08414
SceneName;0.87;-0.30;0.39;0.07;585;587;662;-0.7058;1.402421;-0.03080001;0;0;0;343.64;45.2;15.19999;Normal;0.0145483;2.098688
SceneName;0.87;-0.30;0.39;0.06;585;589;664;-0.7058;1.402421;-0.03080001;0;0;0;343.4;45.2;15.19999;Normal;0.004256964;2.102945
SceneName;0.87;-0.30;0.39;0.06;585;588;667;-0.7058;1.402421;-0.03080001;0;0;0;343.4;44.4;14.4;Normal;0.008337498;2.111283
SceneName;0.87;-0.30;0.38;0.06;583;591;669;-0.7058;1.402421;-0.03080001;0;0;0;343.4;44.8;13.20001;Normal;0.009945154;2.121228
SceneName;0.87;-0.29;0.38;0.06;583;593;671;-0.7058;1.402421;-0.03080001;0;0;0;342.92;43.60001;12.4;Normal;0.0101285;2.131356
SceneName;0.87;-0.29;0.38;0.06;583;594;673;-0.7058;1.402421;-0.03080001;0;0;0;342.92;42.80001;11.60001;Normal;0.009425879;2.140782
SceneName;0.87;-0.29;0.38;0.06;583;596;677;-0.7058;1.402421;-0.03080001;0;0;0;342.92;42.39999;10.8;Normal;0.01038694;2.151169
SceneName;0.88;-0.29;0.38;0.06;583;599;679;-0.7058;1.402421;-0.03080001;0;0;0;342.92;41.60001;9.200001;Normal;0.01007414;2.161243
SceneName;0.88;-0.29;0.38;0.06;582;601;685;-0.7058;1.402421;-0.03080001;0;0;0;342.92;40.39999;8.399995;Normal;0.01292467;2.174168
SceneName;0.88;-0.29;0.38;0.06;581;605;688;-0.7058;1.402421;-0.03080001;0;0;0;342.68;39.60001;6.000002;Normal;0.006798267;2.180966
SceneName;0.88;-0.29;0.38;0.06;581;610;691;-0.7058;1.402421;-0.03080001;0;0;0;342.44;38;4.800006;Normal;0.01108289;2.192049
SceneName;0.88;-0.29;0.38;0.06;582;616;692;-0.7058;1.402421;-0.03080001;0;0;0;342.44;36;3.600011;Normal;0.0088377;2.200887
SceneName;0.88;-0.29;0.38;0.06;580;628;694;-0.7058;1.402421;-0.03080001;0;0;0;342.68;33.60001;3.199993;Normal;0.01013803;2.211025
SceneName;0.88;-0.28;0.38;0.06;580;644;695;-0.7058;1.402421;-0.03080001;0;0;0;342.2;28.80001;2.400001;Normal;0.01851368;2.229539
SceneName;0.88;-0.28;0.38;0.06;582;656;696;-0.7058;1.402421;-0.03080001;0;0;0;342.2;22.4;1.999997;Normal;0.004864454;2.234403
SceneName;0.88;-0.28;0.38;0.06;581;664;696;-0.7058;1.402421;-0.03080001;0;0;0;342.68;17.60001;1.600008;Normal;0.006596565;2.241
SceneName;0.88;-0.28;0.37;0.06;582;669;696;-0.7058;1.402421;-0.03080001;0;0;0;342.44;14.4;1.600008;Normal;0.01003313;2.251033
SceneName;0.88;-0.28;0.37;0.06;582;674;695;-0.7058;1.402421;-0.03080001;0;0;0;342.68;12.4;1.600008;Normal;0.01877761;2.26981
SceneName;0.88;-0.28;0.37;0.06;582;676;694;-0.7058;1.402421;-0.03080001;0;0;0;342.68;10.4;1.999997;Normal;0.0052104;2.275021
SceneName;0.88;-0.28;0.37;0.06;582;677;694;-0.7058;1.402421;-0.03080001;0;0;0;342.68;9.600003;2.400001;Normal;0.005803108;2.280824
SceneName;0.88;-0.28;0.37;0.06;582;676;692;-0.7058;1.402421;-0.03080001;0;0;0;342.68;9.200001;2.400001;Normal;0.01052141;2.291345
SceneName;0.88;-0.28;0.37;0.06;582;674;692;-0.7058;1.402421;-0.03080001;0;0;0;342.68;9.600003;3.199993;Normal;0.009642363;2.300988
SceneName;0.88;-0.28;0.37;0.06;583;670;690;-0.7058;1.402421;-0.03080001;0;0;0;342.68;10.4;3.199993;Normal;0.01837468;2.319362
SceneName;0.89;-0.28;0.36;0.06;582;664;689;-0.7058;1.402421;-0.03080001;0;0;0;342.92;12;4;Normal;0.004420996;2.323783
SceneName;0.89;-0.28;0.36;0.06;583;655;688;-0.7058;1.402421;-0.03080001;0;0;0;342.68;14.4;4.39999;Normal;0.007197142;2.330981
SceneName;0.89;-0.28;0.36;0.06;582;647;686;-0.7058;1.402421;-0.03080001;0;0;0;342.92;18;4.800006;Normal;0.01010633;2.341087
SceneName;0.89;-0.28;0.36;0.06;582;638;685;-0.7058;1.402421;-0.03080001;0;0;0;342.68;21.2;5.600012;Normal;0.01013279;2.35122
SceneName;0.89;-0.28;0.36;0.06;582;631;683;-0.7058;1.402421;-0.03080001;0;0;0;342.68;24.8;6.000002;Normal;0.01009107;2.361311
SceneName;0.89;-0.28;0.36;0.06;582;626;682;-0.7058;1.402421;-0.03080001;0;0;0;342.68;27.60001;6.800008;Normal;0.02061343;2.381924
SceneName;0.89;-0.28;0.35;0.06;581;622;682;-0.7058;1.402421;-0.03080001;0;0;0;342.68;29.60001;7.199998;Normal;0.006389856;2.388314
SceneName;0.89;-0.28;0.35;0.06;581;614;681;-0.7058;1.402421;-0.03080001;0;0;0;342.44;31.2;7.199998;Normal;0.005125284;2.393439
SceneName;0.89;-0.28;0.35;0.06;581;609;680;-0.7058;1.402421;-0.03080001;0;0;0;342.44;34.4;7.600002;Normal;0.007853031;2.401292
SceneName;0.89;-0.27;0.35;0.06;582;605;680;-0.7058;1.402421;-0.03080001;0;0;0;342.44;36.4;8.000005;Normal;0.01011539;2.411408
SceneName;0.89;-0.27;0.35;0.06;582;604;679;-0.7058;1.402421;-0.03080001;0;0;0;342.68;38;8.000005;Normal;0.01047421;2.421882
SceneName;0.89;-0.27;0.35;0.06;580;602;679;-0.7058;1.402421;-0.03080001;0;0;0;342.68;38.40001;8.399995;Normal;0.009765625;2.431648
SceneName;0.89;-0.27;0.35;0.06;581;601;680;-0.7058;1.402421;-0.03080001;0;0;0;342.2;39.2;8.399995;Normal;0.009927988;2.441576
SceneName;0.89;-0.27;0.35;0.06;580;600;679;-0.7058;1.402421;-0.03080001;0;0;0;342.44;39.60001;8.000005;Normal;0.009696007;2.451272
SceneName;0.90;-0.27;0.35;0.06;580;599;679;-0.7058;1.402421;-0.03080001;0;0;0;342.2;40;8.399995;Normal;0.01001811;2.46129
SceneName;0.90;-0.27;0.35;0.06;580;599;681;-0.7058;1.402421;-0.03080001;0;0;0;342.2;40.39999;8.399995;Normal;0.01788926;2.479179
SceneName;0.90;-0.27;0.35;0.06;581;600;679;-0.7058;1.402421;-0.03080001;0;0;0;342.2;40.39999;7.600002;Normal;0.00463438;2.483813
SceneName;0.90;-0.27;0.35;0.07;581;600;680;-0.7058;1.402421;-0.03080001;0;0;0;342.44;40;8.399995;Normal;0.007394552;2.491208
SceneName;0.90;-0.27;0.35;0.07;579;603;680;-0.7058;1.402421;-0.03080001;0;0;0;342.44;40;8.000005;Normal;0.00978899;2.500997
SceneName;0.90;-0.27;0.35;0.07;578;608;681;-0.7058;1.402421;-0.03080001;0;0;0;341.96;38.8;8.000005;Normal;0.01084542;2.511842
SceneName;0.90;-0.27;0.35;0.07;579;611;682;-0.7058;1.402421;-0.03080001;0;0;0;341.72;36.8;7.600002;Normal;0.009330511;2.521173
SceneName;0.90;-0.27;0.35;0.07;578;614;681;-0.7058;1.402421;-0.03080001;0;0;0;341.96;35.60001;7.199998;Normal;0.01857543;2.539748
SceneName;0.89;-0.27;0.35;0.07;578;613;680;-0.7058;1.402421;-0.03080001;0;0;0;341.72;34.4;7.600002;Normal;0.004444838;2.544193
SceneName;0.90;-0.27;0.35;0.07;578;612;679;-0.7058;1.402421;-0.03080001;0;0;0;341.72;34.8;8.000005;Normal;0.007073879;2.551267
SceneName;0.90;-0.27;0.35;0.07;579;609;678;-0.7058;1.402421;-0.03080001;0;0;0;341.72;35.20001;8.399995;Normal;0.01013875;2.561406
SceneName;0.90;-0.27;0.35;0.07;578;606;674;-0.7058;1.402421;-0.03080001;0;0;0;341.96;36.4;8.800011;Normal;0.01314306;2.574549
SceneName;0.90;-0.27;0.35;0.07;579;604;672;-0.7058;1.402421;-0.03080001;0;0;0;341.72;37.60001;10.4;Normal;0.01542163;2.58997
SceneName;0.90;-0.27;0.35;0.07;577;600;669;-0.7058;1.402421;-0.03080001;0;0;0;341.96;38.40001;11.2;Normal;0.004818678;2.594789
SceneName;0.90;-0.27;0.34;0.07;578;598;666;-0.7058;1.402421;-0.03080001;0;0;0;341.48;40;12.4;Normal;0.01467872;2.609468
SceneName;0.90;-0.27;0.34;0.07;578;596;663;-0.7058;1.402421;-0.03080001;0;0;0;341.72;40.80001;13.60001;Normal;0.004756212;2.614224
SceneName;0.90;-0.27;0.34;0.07;579;593;661;-0.7058;1.402421;-0.03080001;0;0;0;341.72;41.60001;14.8;Normal;0.007098436;2.621322
SceneName;0.90;-0.27;0.34;0.07;578;591;658;-0.7058;1.402421;-0.03080001;0;0;0;341.96;42.80001;15.60001;Normal;0.01003885;2.631361
SceneName;0.90;-0.27;0.34;0.07;579;590;656;-0.7058;1.402421;-0.03080001;0;0;0;341.72;43.60001;16.80001;Normal;0.01823807;2.649599
SceneName;0.90;-0.27;0.34;0.07;579;589;654;-0.7058;1.402421;-0.03080001;0;0;0;341.96;44.00001;17.60001;Normal;0.009286165;2.658885
SceneName;0.90;-0.27;0.34;0.07;579;586;653;-0.7058;1.402421;-0.03080001;0;0;0;341.96;44.4;18.39999;Normal;0.00457406;2.66346
SceneName;0.90;-0.27;0.34;0.08;579;586;651;-0.7058;1.402421;-0.03080001;0;0;0;341.96;45.60001;18.80001;Normal;0.007947922;2.671407
SceneName;0.90;-0.27;0.34;0.08;578;585;648;-0.7058;1.402421;-0.03080001;0;0;0;341.96;45.60001;19.6;Normal;0.01009774;2.681505
SceneName;0.90;-0.27;0.34;0.08;577;585;647;-0.7058;1.402421;-0.03080001;0;0;0;341.72;46.00001;20.80001;Normal;0.01777554;2.699281
SceneName;0.90;-0.27;0.34;0.08;578;584;645;-0.7058;1.402421;-0.03080001;0;0;0;341.48;46.00001;21.2;Normal;0.004806995;2.704088
SceneName;0.90;-0.27;0.34;0.08;579;582;645;-0.7058;1.402421;-0.03080001;0;0;0;341.72;46.4;22.00001;Normal;0.007167101;2.711255
SceneName;0.90;-0.27;0.34;0.08;577;582;642;-0.7058;1.402421;-0.03080001;0;0;0;341.96;47.2;22.00001;Normal;0.01015472;2.72141
SceneName;0.90;-0.27;0.34;0.08;578;582;641;-0.7058;1.402421;-0.03080001;0;0;0;341.48;47.2;23.20001;Normal;0.01029015;2.7317
SceneName;0.90;-0.27;0.34;0.08;577;581;640;-0.7058;1.402421;-0.03080001;0;0;0;341.72;47.2;23.6;Normal;0.009580851;2.741281
SceneName;0.90;-0.27;0.34;0.08;577;581;639;-0.7058;1.402421;-0.03080001;0;0;0;341.48;47.60001;24;Normal;0.01813459;2.759415
SceneName;0.90;-0.27;0.34;0.08;576;580;639;-0.7058;1.402421;-0.03080001;0;0;0;341.48;47.60001;24.4;Normal;0.004637718;2.764053
SceneName;0.90;-0.27;0.34;0.08;575;580;639;-0.7058;1.402421;-0.03080001;0;0;0;341.24;48;24.4;Normal;0.01015878;2.774212
SceneName;0.90;-0.27;0.34;0.08;576;580;639;-0.7058;1.402421;-0.03080001;0;0;0;341;48;24.4;Normal;0.007187128;2.781399
SceneName;0.90;-0.26;0.34;0.08;576;579;638;-0.7058;1.402421;-0.03080001;0;0;0;341.24;48;24.4;Normal;0.01061177;2.792011
SceneName;0.90;-0.26;0.34;0.08;575;579;638;-0.7058;1.402421;-0.03080001;0;0;0;341.24;48.40001;24.8;Normal;0.01749468;2.809505
SceneName;0.90;-0.26;0.34;0.08;576;579;638;-0.7058;1.402421;-0.03080001;0;0;0;341;48.40001;24.8;Normal;0.00646615;2.815971
SceneName;0.90;-0.26;0.34;0.08;574;579;638;-0.7058;1.402421;-0.03080001;0;0;0;341.24;48.40001;24.8;Normal;0.004993677;2.820965
SceneName;0.90;-0.26;0.33;0.08;575;579;638;-0.7058;1.402421;-0.03080001;0;0;0;340.76;48.40001;24.8;Normal;0.01068497;2.83165
SceneName;0.90;-0.26;0.33;0.08;576;578;638;-0.7058;1.402421;-0.03080001;0;0;0;341;48.40001;24.8;Normal;0.009970903;2.841621
SceneName;0.90;-0.26;0.33;0.08;575;578;637;-0.7058;1.402421;-0.03080001;0;0;0;341.24;48.8;24.8;Normal;0.01018071;2.851802
SceneName;0.90;-0.26;0.34;0.08;575;577;637;-0.7058;1.402421;-0.03080001;0;0;0;341;48.8;25.19999;Normal;0.009624481;2.861426
SceneName;0.90;-0.26;0.34;0.08;575;578;638;-0.7058;1.402421;-0.03080001;0;0;0;341;49.19999;25.19999;Normal;0.01783395;2.87926
SceneName;0.90;-0.26;0.33;0.08;575;578;638;-0.7058;1.402421;-0.03080001;0;0;0;341;48.8;24.8;Normal;0.004104853;2.883365
SceneName;0.90;-0.26;0.33;0.08;575;577;638;-0.7058;1.402421;-0.03080001;0;0;0;341;48.8;24.8;Normal;0.008609533;2.891974
SceneName;0.90;-0.26;0.33;0.08;574;577;638;-0.7058;1.402421;-0.03080001;0;0;0;341;49.19999;24.8;Normal;0.009439707;2.901414
SceneName;0.90;-0.26;0.33;0.08;575;578;638;-0.7058;1.402421;-0.03080001;0;0;0;340.76;49.19999;24.8;Normal;0.0104003;2.911814
SceneName;0.90;-0.26;0.33;0.08;576;577;638;-0.7058;1.402421;-0.03080001;0;0;0;341;48.8;24.8;Normal;0.009599924;2.921414
SceneName;0.90;-0.26;0.33;0.08;575;577;636;-0.7058;1.402421;-0.03080001;0;0;0;341.24;49.19999;24.8;Normal;0.01009178;2.931506
SceneName;0.90;-0.26;0.33;0.08;575;576;638;-0.7058;1.402421;-0.03080001;0;0;0;341;49.19999;25.60001;Normal;0.009905338;2.941411
SceneName;0.90;-0.26;0.33;0.08;575;576;638;-0.7058;1.402421;-0.03080001;0;0;0;341;49.60002;24.8;Normal;0.0100646;2.951476
SceneName;0.90;-0.26;0.33;0.09;575;576;639;-0.7058;1.402421;-0.03080001;0;0;0;341;49.60002;24.8;Normal;0.009997845;2.961474
SceneName;0.90;-0.27;0.33;0.09;575;576;638;-0.7058;1.402421;-0.03080001;0;0;0;341;49.60002;24.4;Normal;0.01008892;2.971563
SceneName;0.90;-0.27;0.33;0.09;575;576;638;-0.7058;1.402421;-0.03080001;0;0;0;341;49.60002;24.8;Normal;0.0127058;2.984269
SceneName;0.90;-0.27;0.33;0.09;575;576;638;-0.7058;1.402421;-0.03080001;0;0;0;341;49.60002;24.8;Normal;0.007539511;2.991808
SceneName;0.90;-0.27;0.34;0.09;575;577;639;-0.7058;1.402421;-0.03080001;0;0;0;341;49.60002;24.8;Normal;0.01832247;3.010131
SceneName;0.90;-0.27;0.34;0.09;576;576;639;-0.7058;1.402421;-0.03080001;0;0;0;341;49.19999;24.4;Normal;0.004820347;3.014951
SceneName;0.90;-0.27;0.34;0.09;575;576;638;-0.7058;1.402421;-0.03080001;0;0;0;341.24;49.60002;24.4;Normal;0.006505251;3.021456
SceneName;0.90;-0.27;0.34;0.09;575;576;638;-0.7058;1.402421;-0.03080001;0;0;0;341;49.60002;24.8;Normal;0.01034546;3.031802
SceneName;0.90;-0.27;0.34;0.09;576;576;639;-0.7058;1.402421;-0.03080001;0;0;0;341;49.60002;24.8;Normal;0.009815931;3.041618
SceneName;0.90;-0.27;0.34;0.09;575;575;641;-0.7058;1.402421;-0.03080001;0;0;0;341.24;49.60002;24.4;Normal;0.01771688;3.059335
SceneName;0.90;-0.27;0.34;0.09;575;577;641;-0.7058;1.402421;-0.03080001;0;0;0;341;50;23.6;Normal;0.004641533;3.063976
SceneName;0.90;-0.27;0.34;0.09;575;576;640;-0.7058;1.402421;-0.03080001;0;0;0;341;49.19999;23.6;Normal;0.007521629;3.071498
SceneName;0.90;-0.27;0.34;0.09;575;576;640;-0.7058;1.402421;-0.03080001;0;0;0;341;49.60002;24;Normal;0.009778976;3.081277
SceneName;0.90;-0.27;0.34;0.09;575;575;640;-0.7058;1.402421;-0.03080001;0;0;0;341;49.60002;24;Normal;0.009958029;3.091235
SceneName;0.90;-0.27;0.34;0.09;575;575;641;-0.7058;1.402421;-0.03080001;0;0;0;341;50;24;Normal;0.01013374;3.101368
SceneName;0.90;-0.27;0.34;0.09;575;576;641;-0.7058;1.402421;-0.03080001;0;0;0;341;50;23.6;Normal;0.01013064;3.111499
SceneName;0.90;-0.27;0.34;0.09;575;576;642;-0.7058;1.402421;-0.03080001;0;0;0;341;49.60002;23.6;Normal;0.01008725;3.121586
SceneName;0.90;-0.27;0.34;0.09;574;576;641;-0.7058;1.402421;-0.03080001;0;0;0;341;49.60002;23.20001;Normal;0.01803088;3.139617
SceneName;0.90;-0.27;0.34;0.09;574;576;642;-0.7058;1.402421;-0.03080001;0;0;0;340.76;49.60002;23.6;Normal;0.005183458;3.144801
SceneName;0.90;-0.27;0.34;0.09;575;576;642;-0.7058;1.402421;-0.03080001;0;0;0;340.76;49.60002;23.20001;Normal;0.006651878;3.151453
SceneName;0.90;-0.27;0.34;0.09;574;576;643;-0.7058;1.402421;-0.03080001;0;0;0;341;49.60002;23.20001;Normal;0.01055741;3.16201
SceneName;0.90;-0.27;0.34;0.09;574;576;644;-0.7058;1.402421;-0.03080001;0;0;0;340.76;49.60002;22.8;Normal;0.01743031;3.17944
SceneName;0.90;-0.27;0.34;0.09;574;577;644;-0.7058;1.402421;-0.03080001;0;0;0;340.76;49.60002;22.4;Normal;0.006983757;3.186424
SceneName;0.90;-0.27;0.34;0.09;575;576;645;-0.7058;1.402421;-0.03080001;0;0;0;340.76;49.19999;22.4;Normal;0.00547123;3.191895
SceneName;0.90;-0.27;0.34;0.09;575;577;645;-0.7058;1.402421;-0.03080001;0;0;0;341;49.60002;22.00001;Normal;0.01015353;3.202049
SceneName;0.89;-0.27;0.34;0.09;574;575;647;-0.7058;1.402421;-0.03080001;0;0;0;341;49.19999;22.00001;Normal;0.009331465;3.21138
SceneName;0.89;-0.27;0.34;0.09;575;576;646;-0.7058;1.402421;-0.03080001;0;0;0;340.76;50;21.2;Normal;0.01847291;3.229853
SceneName;0.89;-0.27;0.34;0.09;575;577;647;-0.7058;1.402421;-0.03080001;0;0;0;341;49.60002;21.6;Normal;0.005084276;3.234937
SceneName;0.89;-0.27;0.34;0.09;576;578;649;-0.7058;1.402421;-0.03080001;0;0;0;341;49.19999;21.2;Normal;0.007008791;3.241946
SceneName;0.89;-0.27;0.34;0.09;575;577;649;-0.7058;1.402421;-0.03080001;0;0;0;341.24;48.8;20.39999;Normal;0.009794235;3.25174
SceneName;0.89;-0.27;0.35;0.09;574;577;649;-0.7058;1.402421;-0.03080001;0;0;0;341;49.19999;20.39999;Normal;0.01014233;3.261883
SceneName;0.89;-0.27;0.35;0.09;575;576;650;-0.7058;1.402421;-0.03080001;0;0;0;340.76;49.19999;20.39999;Normal;0.009337664;3.27122
SceneName;0.89;-0.27;0.35;0.09;574;577;650;-0.7058;1.402421;-0.03080001;0;0;0;341;49.60002;20.00001;Normal;0.01870561;3.289926
SceneName;0.89;-0.27;0.35;0.09;575;576;649;-0.7058;1.402421;-0.03080001;0;0;0;340.76;49.19999;20.00001;Normal;0.008849859;3.298776
SceneName;0.89;-0.27;0.35;0.09;574;576;651;-0.7058;1.402421;-0.03080001;0;0;0;341;49.60002;20.39999;Normal;0.004062414;3.302838
SceneName;0.89;-0.27;0.35;0.08;574;576;652;-0.7058;1.402421;-0.03080001;0;0;0;340.76;49.60002;19.6;Normal;0.008512974;3.311351
SceneName;0.89;-0.27;0.35;0.08;574;578;652;-0.7058;1.402421;-0.03080001;0;0;0;340.76;49.60002;19.2;Normal;0.01048589;3.321837
SceneName;0.89;-0.27;0.35;0.08;574;577;653;-0.7058;1.402421;-0.03080001;0;0;0;340.76;48.8;19.2;Normal;0.01794004;3.339777
SceneName;0.89;-0.27;0.35;0.08;574;578;653;-0.7058;1.402421;-0.03080001;0;0;0;340.76;49.19999;18.80001;Normal;0.009184122;3.348961
SceneName;0.89;-0.27;0.35;0.08;575;577;654;-0.7058;1.402421;-0.03080001;0;0;0;340.76;48.8;18.80001;Normal;0.004696131;3.353657
SceneName;0.89;-0.27;0.35;0.08;575;577;655;-0.7058;1.402421;-0.03080001;0;0;0;341;49.19999;18.39999;Normal;0.0079422;3.3616
SceneName;0.89;-0.28;0.35;0.08;575;578;656;-0.7058;1.402421;-0.03080001;0;0;0;341;49.19999;18;Normal;0.01024175;3.371841
SceneName;0.89;-0.28;0.35;0.08;575;578;657;-0.7058;1.402421;-0.03080001;0;0;0;341;48.8;17.60001;Normal;0.01856017;3.390402
SceneName;0.89;-0.27;0.35;0.08;575;578;657;-0.7058;1.402421;-0.03080001;0;0;0;341;48.8;17.2;Normal;0.00753808;3.39794
SceneName;0.89;-0.27;0.35;0.07;575;578;657;-0.7058;1.402421;-0.03080001;0;0;0;341;48.8;17.2;Normal;0.004705667;3.402645
SceneName;0.89;-0.27;0.35;0.07;575;578;657;-0.7058;1.402421;-0.03080001;0;0;0;341;48.8;17.2;Normal;0.009544611;3.41219
SceneName;0.89;-0.27;0.35;0.07;575;578;657;-0.7058;1.402421;-0.03080001;0;0;0;341;48.8;17.2;Normal;0.009706974;3.421897
SceneName;0.89;-0.27;0.35;0.07;574;578;659;-0.7058;1.402421;-0.03080001;0;0;0;341;48.8;17.2;Normal;0.009819031;3.431716
SceneName;0.89;-0.27;0.35;0.07;575;578;658;-0.7058;1.402421;-0.03080001;0;0;0;340.76;48.8;16.39999;Normal;0.009660959;3.441377
SceneName;0.90;-0.27;0.35;0.07;573;578;659;-0.7058;1.402421;-0.03080001;0;0;0;341;48.8;16.80001;Normal;0.01038742;3.451764
SceneName;0.90;-0.27;0.35;0.06;575;578;647;-0.7058;1.402421;-0.03080001;0;0;0;340.52;48.8;16.39999;Normal;0.01037192;3.462136
SceneName;0.90;-0.27;0.34;0.06;574;578;621;-0.7058;1.402421;-0.03080001;0;0;0;341;48.8;21.2;Normal;0.00971818;3.471854
SceneName;0.90;-0.27;0.34;0.06;575;578;622;-0.7058;1.402421;-0.03080001;0;0;0;340.76;48.8;31.60001;Normal;0.00991106;3.481766
SceneName;0.90;-0.27;0.34;0.06;574;576;622;-0.7058;1.402421;-0.03080001;0;0;0;341;48.8;31.2;Normal;0.01037312;3.492139
SceneName;0.90;-0.27;0.35;0.06;575;578;623;-0.7058;1.402421;-0.03080001;0;0;0;340.76;49.60002;31.2;Normal;0.009302378;3.501441
SceneName;0.90;-0.27;0.35;0.05;575;578;623;-0.7058;1.402421;-0.03080001;0;0;0;341;48.8;30.80001;Normal;0.0104816;3.511923
SceneName;0.90;-0.27;0.35;0.05;574;578;624;-0.7058;1.402421;-0.03080001;0;0;0;341;48.8;30.80001;Normal;0.00975585;3.521678
SceneName;0.90;-0.26;0.34;0.05;575;577;625;-0.7058;1.402421;-0.03080001;0;0;0;340.76;48.8;30.4;Normal;0.0104425;3.532121
SceneName;0.90;-0.26;0.34;0.05;574;578;626;-0.7058;1.402421;-0.03080001;0;0;0;341;49.19999;30;Normal;0.01004958;3.542171
SceneName;0.90;-0.26;0.34;0.05;575;578;626;-0.7058;1.402421;-0.03080001;0;0;0;340.76;48.8;29.60001;Normal;0.00927949;3.55145
SceneName;0.90;-0.26;0.34;0.05;573;578;626;-0.7058;1.402421;-0.03080001;0;0;0;341;48.8;29.60001;Normal;0.0187099;3.57016
SceneName;0.90;-0.26;0.34;0.04;575;579;627;-0.7058;1.402421;-0.03080001;0;0;0;340.52;48.8;29.60001;Normal;0.005003452;3.575163
SceneName;0.90;-0.26;0.34;0.04;574;578;627;-0.7058;1.402421;-0.03080001;0;0;0;341;48.40001;29.2;Normal;0.01443005;3.589593
SceneName;0.90;-0.26;0.34;0.04;574;578;628;-0.7058;1.402421;-0.03080001;0;0;0;340.76;48.8;29.2;Normal;0.00472331;3.594317
SceneName;0.90;-0.26;0.34;0.04;574;578;629;-0.7058;1.402421;-0.03080001;0;0;0;340.76;48.8;28.80001;Normal;0.01011825;3.604435
SceneName;0.90;-0.26;0.33;0.04;574;578;629;-0.7058;1.402421;-0.03080001;0;0;0;340.76;48.8;28.39999;Normal;0.007827282;3.612262
SceneName;0.90;-0.26;0.33;0.04;573;578;631;-0.7058;1.402421;-0.03080001;0;0;0;340.76;48.8;28.39999;Normal;0.01059055;3.622853
SceneName;0.90;-0.26;0.33;0.04;574;578;632;-0.7058;1.402421;-0.03080001;0;0;0;340.52;48.8;27.60001;Normal;0.010288;3.633141
SceneName;0.90;-0.26;0.33;0.03;574;578;634;-0.7058;1.402421;-0.03080001;0;0;0;340.76;48.8;27.2;Normal;0.009072065;3.642213
SceneName;0.90;-0.27;0.33;0.03;574;578;635;-0.7058;1.402421;-0.03080001;0;0;0;340.76;48.8;26.4;Normal;0.01031995;3.652533
SceneName;0.90;-0.27;0.33;0.03;575;578;636;-0.7058;1.402421;-0.03080001;0;0;0;340.76;48.8;26;Normal;0.009590864;3.662124
SceneName;0.90;-0.27;0.33;0.03;574;578;637;-0.7058;1.402421;-0.03080001;0;0;0;341;48.8;25.60001;Normal;0.01051593;3.67264
SceneName;0.90;-0.27;0.33;0.03;574;579;638;-0.7058;1.402421;-0.03080001;0;0;0;340.76;48.8;25.19999;Normal;0.00984621;3.682486
SceneName;0.90;-0.27;0.33;0.03;575;579;639;-0.7058;1.402421;-0.03080001;0;0;0;340.76;48.40001;24.8;Normal;0.01175404;3.69424
SceneName;0.91;-0.27;0.32;0.03;574;579;641;-0.7058;1.402421;-0.03080001;0;0;0;341;48.40001;24.4;Normal;0.007912159;3.702152
SceneName;0.91;-0.27;0.32;0.03;574;578;642;-0.7058;1.402421;-0.03080001;0;0;0;340.76;48.40001;23.6;Normal;0.01017523;3.712327
SceneName;0.91;-0.28;0.32;0.03;575;580;645;-0.7058;1.402421;-0.03080001;0;0;0;340.76;48.8;23.20001;Normal;0.009752512;3.72208
SceneName;0.91;-0.28;0.32;0.03;575;580;646;-0.7058;1.402421;-0.03080001;0;0;0;341;48;22.00001;Normal;0.01044226;3.732522
SceneName;0.91;-0.28;0.31;0.03;575;580;649;-0.7058;1.402421;-0.03080001;0;0;0;341;48;21.6;Normal;0.009598017;3.74212
SceneName;0.91;-0.28;0.31;0.02;576;580;651;-0.7058;1.402421;-0.03080001;0;0;0;341;48;20.39999;Normal;0.01015997;3.75228
SceneName;0.91;-0.28;0.30;0.02;576;580;654;-0.7058;1.402421;-0.03080001;0;0;0;341.24;48;19.6;Normal;0.009624958;3.761905
SceneName;0.91;-0.29;0.30;0.02;576;580;658;-0.7058;1.402421;-0.03080001;0;0;0;341.24;48;18.39999;Normal;0.01041675;3.772322
SceneName;0.91;-0.29;0.30;0.02;576;580;668;-0.7058;1.402421;-0.03080001;0;0;0;341.24;48;16.80001;Normal;0.009614944;3.781937
SceneName;0.91;-0.29;0.29;0.02;577;579;689;-0.7058;1.402421;-0.03080001;0;0;0;341.24;48;12.8;Normal;0.0102725;3.792209
SceneName;0.91;-0.29;0.29;0.02;577;581;694;-0.7058;1.402421;-0.03080001;0;0;0;341.48;48.40001;4.39999;Normal;0.01035905;3.802568
SceneName;0.91;-0.29;0.29;0.02;577;581;694;-0.7058;1.402421;-0.03080001;0;0;0;341.48;47.60001;2.400001;Normal;0.01196623;3.814534
SceneName;0.91;-0.30;0.29;0.02;578;580;695;-0.7058;1.402421;-0.03080001;0;0;0;341.48;47.60001;2.400001;Normal;0.006986141;3.821521
SceneName;0.91;-0.30;0.29;0.02;578;580;696;-0.7058;1.402421;-0.03080001;0;0;0;341.72;48;1.999997;Normal;0.01912379;3.840644
SceneName;0.91;-0.30;0.28;0.02;578;580;696;-0.7058;1.402421;-0.03080001;0;0;0;341.72;48;1.600008;Normal;0.005006552;3.845651
SceneName;0.91;-0.30;0.28;0.02;578;580;697;-0.7058;1.402421;-0.03080001;0;0;0;341.72;48;1.600008;Normal;0.0142827;3.859934
SceneName;0.91;-0.30;0.28;0.02;578;581;698;-0.7058;1.402421;-0.03080001;0;0;0;341.72;48;1.200005;Normal;0.004386425;3.86432
SceneName;0.91;-0.31;0.27;0.02;578;581;698;-0.7058;1.402421;-0.03080001;0;0;0;341.72;47.60001;0.8000014;Normal;0.007435083;3.871755
SceneName;0.91;-0.31;0.26;0.02;579;581;700;-0.7058;1.402421;-0.03080001;0;0;0;341.72;47.60001;0.8000014;Normal;0.01112461;3.88288
SceneName;0.91;-0.31;0.26;0.02;580;582;700;-0.7058;1.402421;-0.03080001;0;0;0;341.96;47.60001;-5.008956E-06;Normal;0.009770632;3.89265
SceneName;0.92;-0.31;0.25;0.01;580;582;700;-0.7058;1.402421;-0.03080001;0;0;0;342.2;47.2;-5.008956E-06;Normal;0.01052499;3.903175
SceneName;0.92;-0.31;0.25;0.01;580;582;701;-0.7058;1.402421;-0.03080001;0;0;0;342.2;47.2;-5.008956E-06;Normal;0.01717043;3.920346
SceneName;0.92;-0.32;0.25;0.01;580;583;702;-0.7058;1.402421;-0.03080001;0;0;0;342.2;47.2;359.6;Normal;0.004820347;3.925166
SceneName;0.92;-0.32;0.25;0.01;581;582;703;-0.7058;1.402421;-0.03080001;0;0;0;342.2;46.80001;359.2;Normal;0.006513834;3.93168
SceneName;0.92;-0.32;0.24;0.01;580;583;702;-0.7058;1.402421;-0.03080001;0;0;0;342.44;47.2;358.8;Normal;0.01104403;3.942724
SceneName;0.91;-0.32;0.24;0.01;581;584;703;-0.7058;1.402421;-0.03080001;0;0;0;342.2;46.80001;359.2;Normal;0.01751304;3.960237
SceneName;0.91;-0.32;0.24;0.00;582;584;704;-0.7058;1.402421;-0.03080001;0;0;0;342.44;46.4;358.8;Normal;0.009477854;3.969715
SceneName;0.91;-0.33;0.24;0.00;582;584;704;-0.7058;1.402421;-0.03080001;0;0;0;342.68;46.4;358.4;Normal;0.004510641;3.974226
SceneName;0.91;-0.33;0.24;0.00;581;584;705;-0.7058;1.402421;-0.03080001;0;0;0;342.68;46.4;358.4;Normal;0.008095026;3.982321
SceneName;0.91;-0.33;0.24;0.00;583;583;705;-0.7058;1.402421;-0.03080001;0;0;0;342.44;46.4;358;Normal;0.009734392;3.992055
SceneName;0.91;-0.33;0.24;0.00;581;583;706;-0.7058;1.402421;-0.03080001;0;0;0;342.92;46.80001;358;Normal;0.0109148;4.00297
SceneName;0.91;-0.33;0.24;0.00;583;584;707;-0.7058;1.402421;-0.03080001;0;0;0;342.44;46.80001;357.6;Normal;0.01156759;4.014537
SceneName;0.91;-0.33;0.24;0.00;582;585;708;-0.7058;1.402421;-0.03080001;0;0;0;342.92;46.4;357.2;Normal;0.007528782;4.022066
SceneName;0.91;-0.33;0.24;0.00;582;585;708;-0.7058;1.402421;-0.03080001;0;0;0;342.68;46.00001;356.8;Normal;0.01086473;4.032931
SceneName;0.91;-0.34;0.24;0.00;582;585;708;-0.7058;1.402421;-0.03080001;0;0;0;342.68;46.00001;356.8;Normal;0.01734686;4.050278
SceneName;0.91;-0.34;0.24;0.00;583;586;707;-0.7058;1.402421;-0.03080001;0;0;0;342.68;46.00001;356.8;Normal;0.004745483;4.055023
SceneName;0.91;-0.34;0.24;0.00;583;586;708;-0.7058;1.402421;-0.03080001;0;0;0;342.92;45.60001;357.2;Normal;0.01483488;4.069858
SceneName;0.91;-0.34;0.24;0.00;583;586;708;-0.7058;1.402421;-0.03080001;0;0;0;342.92;45.60001;356.8;Normal;0.005065918;4.074924
SceneName;0.91;-0.34;0.24;0.00;583;586;709;-0.7058;1.402421;-0.03080001;0;0;0;342.92;45.60001;356.8;Normal;0.007036209;4.08196
SceneName;0.91;-0.34;0.25;0.00;584;587;707;-0.7058;1.402421;-0.03080001;0;0;0;342.92;45.60001;356.4;Normal;0.0102253;4.092185
SceneName;0.91;-0.34;0.25;0.00;583;586;709;-0.7058;1.402421;-0.03080001;0;0;0;343.16;45.2;357.2;Normal;0.01002979;4.102215
SceneName;0.90;-0.35;0.25;0.00;584;588;708;-0.7058;1.402421;-0.03080001;0;0;0;342.92;45.60001;356.4;Normal;0.009944916;4.11216
SceneName;0.90;-0.35;0.25;0.00;584;586;709;-0.7058;1.402421;-0.03080001;0;0;0;343.16;44.8;356.8;Normal;0.009784222;4.121944
SceneName;0.90;-0.35;0.25;0.01;584;586;709;-0.7058;1.402421;-0.03080001;0;0;0;343.16;45.60001;356.4;Normal;0.01037073;4.132315
SceneName;0.90;-0.35;0.25;0.01;584;586;710;-0.7058;1.402421;-0.03080001;0;0;0;343.16;45.60001;356.4;Normal;0.010602;4.142917
SceneName;0.90;-0.35;0.25;0.01;584;587;710;-0.7058;1.402421;-0.03080001;0;0;0;343.16;45.60001;356;Normal;0.0170126;4.15993
SceneName;0.90;-0.35;0.25;0.01;584;586;709;-0.7058;1.402421;-0.03080001;0;0;0;343.16;45.2;356;Normal;0.004804611;4.164734
SceneName;0.90;-0.35;0.25;0.01;584;587;709;-0.7058;1.402421;-0.03080001;0;0;0;343.16;45.60001;356.4;Normal;0.007665634;4.1724
SceneName;0.90;-0.35;0.26;0.01;584;588;709;-0.7058;1.402421;-0.03080001;0;0;0;343.16;45.2;356.4;Normal;0.009758472;4.182158
SceneName;0.90;-0.35;0.26;0.01;584;589;710;-0.7058;1.402421;-0.03080001;0;0;0;343.16;44.8;356.4;Normal;0.01040268;4.192561
SceneName;0.90;-0.36;0.26;0.01;585;589;710;-0.7058;1.402421;-0.03080001;0;0;0;343.16;44.4;356;Normal;0.009384632;4.201946
SceneName;0.90;-0.36;0.26;0.01;584;588;710;-0.7058;1.402421;-0.03080001;0;0;0;343.4;44.4;356;Normal;0.0182991;4.220245
SceneName;0.90;-0.36;0.26;0.02;586;589;710;-0.7058;1.402421;-0.03080001;0;0;0;343.16;44.8;356;Normal;0.007423878;4.227669
SceneName;0.89;-0.36;0.26;0.02;585;588;711;-0.7058;1.402421;-0.03080001;0;0;0;343.64;44.4;356;Normal;0.004606247;4.232275
SceneName;0.89;-0.36;0.27;0.02;585;589;712;-0.7058;1.402421;-0.03080001;0;0;0;343.4;44.8;355.6;Normal;0.01049328;4.242768
SceneName;0.89;-0.36;0.27;0.02;585;590;712;-0.7058;1.402421;-0.03080001;0;0;0;343.4;44.4;355.2;Normal;0.00969553;4.252464
SceneName;0.89;-0.37;0.27;0.02;585;589;713;-0.7058;1.402421;-0.03080001;0;0;0;343.4;44.00001;355.2;Normal;0.009559155;4.262023
SceneName;0.89;-0.37;0.27;0.02;585;591;714;-0.7058;1.402421;-0.03080001;0;0;0;343.4;44.4;354.8;Normal;0.009867191;4.27189
SceneName;0.89;-0.37;0.27;0.02;585;590;713;-0.7058;1.402421;-0.03080001;0;0;0;343.4;43.60001;354.4;Normal;0.01049948;4.28239
SceneName;0.89;-0.37;0.26;0.03;586;590;712;-0.7058;1.402421;-0.03080001;0;0;0;343.4;44.00001;354.8;Normal;0.009478569;4.291868
SceneName;0.89;-0.37;0.26;0.03;585;590;713;-0.7058;1.402421;-0.03080001;0;0;0;343.64;44.00001;355.2;Normal;0.01065922;4.302527
SceneName;0.89;-0.37;0.26;0.03;585;590;714;-0.7058;1.402421;-0.03080001;0;0;0;343.4;44.00001;354.8;Normal;0.0177412;4.320269
SceneName;0.89;-0.37;0.27;0.03;586;590;714;-0.7058;1.402421;-0.03080001;0;0;0;343.4;44.00001;354.4;Normal;0.004966736;4.325235
SceneName;0.89;-0.37;0.27;0.03;586;591;713;-0.7058;1.402421;-0.03080001;0;0;0;343.64;44.00001;354.4;Normal;0.007121086;4.332356
SceneName;0.89;-0.38;0.27;0.03;587;590;713;-0.7058;1.402421;-0.03080001;0;0;0;343.64;43.60001;354.8;Normal;0.01050615;4.342863
SceneName;0.89;-0.38;0.27;0.03;586;590;714;-0.7058;1.402421;-0.03080001;0;0;0;343.88;44.00001;354.8;Normal;0.009190559;4.352053
SceneName;0.89;-0.38;0.27;0.04;586;591;713;-0.7058;1.402421;-0.03080001;0;0;0;343.64;44.00001;354.4;Normal;0.01015902;4.362212
SceneName;0.88;-0.38;0.27;0.04;587;590;713;-0.7058;1.402421;-0.03080001;0;0;0;343.64;43.60001;354.8;Normal;0.009894848;4.372107
SceneName;0.88;-0.38;0.27;0.04;588;591;713;-0.7058;1.402421;-0.03080001;0;0;0;343.88;44.00001;354.8;Normal;0.01077223;4.382879
SceneName;0.88;-0.38;0.27;0.04;587;592;713;-0.7058;1.402421;-0.03080001;0;0;0;344.12;43.60001;354.8;Normal;0.009191513;4.392071
SceneName;0.88;-0.38;0.27;0.04;588;591;713;-0.7058;1.402421;-0.03080001;0;0;0;343.88;43.2;354.8;Normal;0.009705067;4.401776
SceneName;0.88;-0.38;0.27;0.05;587;593;713;-0.7058;1.402421;-0.03080001;0;0;0;344.12;43.60001;354.8;Normal;0.01025438;4.41203
SceneName;0.88;-0.39;0.27;0.05;587;592;713;-0.7058;1.402421;-0.03080001;0;0;0;343.88;42.80001;354.8;Normal;0.01850414;4.430534
SceneName;0.88;-0.39;0.27;0.05;587;593;713;-0.7058;1.402421;-0.03080001;0;0;0;343.88;43.2;354.8;Normal;0.007703781;4.438238
SceneName;0.88;-0.39;0.27;0.05;587;594;713;-0.7058;1.402421;-0.03080001;0;0;0;343.88;42.80001;354.8;Normal;0.005066872;4.443305
SceneName;0.88;-0.39;0.27;0.05;588;595;714;-0.7058;1.402421;-0.03080001;0;0;0;343.88;42.39999;354.8;Normal;0.009142876;4.452448
SceneName;0.88;-0.39;0.27;0.05;587;595;712;-0.7058;1.402421;-0.03080001;0;0;0;344.12;42;354.4;Normal;0.01015234;4.4626
SceneName;0.88;-0.39;0.27;0.05;589;595;714;-0.7058;1.402421;-0.03080001;0;0;0;343.88;42;355.2;Normal;0.009870529;4.472471
SceneName;0.88;-0.39;0.27;0.05;588;595;713;-0.7058;1.402421;-0.03080001;0;0;0;344.36;42;354.4;Normal;0.01845789;4.490929
SceneName;0.88;-0.39;0.27;0.05;588;595;714;-0.7058;1.402421;-0.03080001;0;0;0;344.12;42;354.8;Normal;0.004721165;4.49565
SceneName;0.88;-0.39;0.27;0.05;588;595;713;-0.7058;1.402421;-0.03080001;0;0;0;344.12;42;354.4;Normal;0.006425381;4.502075
SceneName;0.88;-0.39;0.27;0.05;589;595;714;-0.7058;1.402421;-0.03080001;0;0;0;344.12;42;354.8;Normal;0.01040268;4.512478
SceneName;0.88;-0.39;0.27;0.05;589;595;714;-0.7058;1.402421;-0.03080001;0;0;0;344.36;42;354.4;Normal;0.009697437;4.522175
SceneName;0.88;-0.39;0.27;0.05;590;595;714;-0.7058;1.402421;-0.03080001;0;0;0;344.36;42;354.4;Normal;0.0111928;4.533368
SceneName;0.88;-0.39;0.27;0.05;590;595;713;-0.7058;1.402421;-0.03080001;0;0;0;344.6;42;354.4;Normal;0.008727551;4.542096
SceneName;0.88;-0.39;0.27;0.05;590;596;714;-0.7058;1.402421;-0.03080001;0;0;0;344.6;42;354.8;Normal;0.01029015;4.552386
SceneName;0.88;-0.39;0.27;0.05;591;595;714;-0.7058;1.402421;-0.03080001;0;0;0;344.6;41.60001;354.4;Normal;0.009809494;4.562195
SceneName;0.88;-0.39;0.27;0.05;591;596;714;-0.7058;1.402421;-0.03080001;0;0;0;344.84;42;354.4;Normal;0.01098537;4.573181
SceneName;0.88;-0.39;0.27;0.05;591;595;714;-0.7058;1.402421;-0.03080001;0;0;0;344.84;41.60001;354.4;Normal;0.009138107;4.582319
SceneName;0.88;-0.39;0.27;0.05;592;595;714;-0.7058;1.402421;-0.03080001;0;0;0;344.84;42;354.4;Normal;0.01051426;4.592833
SceneName;0.88;-0.39;0.27;0.05;591;595;713;-0.7058;1.402421;-0.03080001;0;0;0;345.08;42;354.4;Normal;0.01839352;4.611227
SceneName;0.88;-0.39;0.27;0.05;591;595;713;-0.7058;1.402421;-0.03080001;0;0;0;344.84;42;354.8;Normal;0.005748749;4.616975
SceneName;0.88;-0.39;0.27;0.05;593;595;713;-0.7058;1.402421;-0.03080001;0;0;0;344.84;42;354.8;Normal;0.005489826;4.622465
SceneName;0.88;-0.39;0.27;0.04;592;596;714;-0.7058;1.402421;-0.03080001;0;0;0;345.32;42;354.8;Normal;0.0105443;4.633009
SceneName;0.88;-0.39;0.27;0.04;592;595;713;-0.7058;1.402421;-0.03080001;0;0;0;345.08;41.60001;354.4;Normal;0.02065849;4.653668
SceneName;0.88;-0.39;0.27;0.04;592;596;713;-0.7058;1.402421;-0.03080001;0;0;0;345.08;42;354.8;Normal;0.005861282;4.659529
SceneName;0.88;-0.39;0.27;0.04;593;596;713;-0.7058;1.402421;-0.03080001;0;0;0;345.08;41.60001;354.8;Normal;0.005436897;4.664966
SceneName;0.88;-0.39;0.27;0.04;593;597;713;-0.7058;1.402421;-0.03080001;0;0;0;345.32;41.60001;354.8;Normal;0.008203506;4.67317
SceneName;0.88;-0.39;0.26;0.04;594;597;713;-0.7058;1.402421;-0.03080001;0;0;0;345.32;41.2;354.8;Normal;0.01023006;4.6834
SceneName;0.89;-0.39;0.26;0.04;594;597;713;-0.7058;1.402421;-0.03080001;0;0;0;345.56;41.2;354.8;Normal;0.009654999;4.693055
SceneName;0.89;-0.38;0.25;0.03;594;597;713;-0.7058;1.402421;-0.03080001;0;0;0;345.56;41.2;354.8;Normal;0.01010084;4.703156
SceneName;0.89;-0.38;0.25;0.03;594;598;713;-0.7058;1.402421;-0.03080001;0;0;0;345.56;41.2;354.8;Normal;0.009898663;4.713054
SceneName;0.89;-0.38;0.25;0.02;593;596;713;-0.7058;1.402421;-0.03080001;0;0;0;345.56;40.80001;354.8;Normal;0.01008606;4.72314
SceneName;0.89;-0.37;0.24;0.02;594;596;712;-0.7058;1.402421;-0.03080001;0;0;0;345.32;41.60001;354.8;Normal;0.009669781;4.73281
SceneName;0.90;-0.37;0.24;0.01;593;597;712;-0.7058;1.402421;-0.03080001;0;0;0;345.56;41.60001;355.2;Normal;0.01061726;4.743427
SceneName;0.90;-0.36;0.24;0.01;593;597;713;-0.7058;1.402421;-0.03080001;0;0;0;345.32;41.2;355.2;Normal;0.009390354;4.752818
SceneName;0.90;-0.36;0.23;0.00;592;598;713;-0.7058;1.402421;-0.03080001;0;0;0;345.32;41.2;354.8;Normal;0.01820183;4.771019
SceneName;0.91;-0.36;0.23;-0.00;592;600;714;-0.7058;1.402421;-0.03080001;0;0;0;345.08;40.80001;354.8;Normal;0.005600929;4.77662
SceneName;0.91;-0.35;0.22;-0.00;591;602;713;-0.7058;1.402421;-0.03080001;0;0;0;345.08;40;354.4;Normal;0.01396894;4.790589
SceneName;0.91;-0.35;0.21;-0.01;590;603;715;-0.7058;1.402421;-0.03080001;0;0;0;344.84;39.2;354.8;Normal;0.005744934;4.796334
SceneName;0.92;-0.34;0.21;-0.01;589;604;714;-0.7058;1.402421;-0.03080001;0;0;0;344.6;38.8;354;Normal;0.01474857;4.811083
SceneName;0.92;-0.34;0.21;-0.02;588;605;713;-0.7058;1.402421;-0.03080001;0;0;0;344.36;38.40001;354.4;Normal;0.008769512;4.819852
SceneName;0.92;-0.33;0.20;-0.02;587;604;711;-0.7058;1.402421;-0.03080001;0;0;0;344.12;38;354.8;Normal;0.008569717;4.828422
SceneName;0.92;-0.32;0.20;-0.03;587;604;711;-0.7058;1.402421;-0.03080001;0;0;0;343.88;38.40001;355.6;Normal;0.009660244;4.838082
SceneName;0.93;-0.31;0.20;-0.04;585;603;709;-0.7058;1.402421;-0.03080001;0;0;0;343.88;38.40001;355.6;Normal;0.007852554;4.845935
SceneName;0.93;-0.31;0.19;-0.04;584;603;708;-0.7058;1.402421;-0.03080001;0;0;0;343.4;38.8;356.4;Normal;0.01538277;4.861318
SceneName;0.93;-0.30;0.19;-0.05;584;604;708;-0.7058;1.402421;-0.03080001;0;0;0;343.16;38.8;356.8;Normal;0.008176804;4.869494
SceneName;0.94;-0.30;0.18;-0.05;583;604;707;-0.7058;1.402421;-0.03080001;0;0;0;343.16;38.40001;356.8;Normal;0.009647369;4.879142
SceneName;0.94;-0.29;0.18;-0.05;583;606;707;-0.7058;1.402421;-0.03080001;0;0;0;342.92;38.40001;357.2;Normal;0.005795956;4.884938
SceneName;0.94;-0.29;0.17;-0.06;581;606;706;-0.7058;1.402421;-0.03080001;0;0;0;342.92;37.60001;357.2;Normal;0.01634502;4.901283
SceneName;0.94;-0.28;0.17;-0.06;581;606;707;-0.7058;1.402421;-0.03080001;0;0;0;342.44;37.60001;357.6;Normal;0.009185314;4.910468
SceneName;0.94;-0.28;0.17;-0.07;580;606;708;-0.7058;1.402421;-0.03080001;0;0;0;342.44;37.60001;357.2;Normal;0.008695126;4.919163
SceneName;0.94;-0.28;0.17;-0.07;579;606;708;-0.7058;1.402421;-0.03080001;0;0;0;342.2;37.60001;356.8;Normal;0.008719444;4.927883
SceneName;0.94;-0.27;0.18;-0.08;578;606;709;-0.7058;1.402421;-0.03080001;0;0;0;341.96;37.60001;356.8;Normal;0.005784988;4.933668
SceneName;0.94;-0.27;0.19;-0.08;578;605;710;-0.7058;1.402421;-0.03080001;0;0;0;341.72;37.60001;356.4;Normal;0.01688004;4.950548
SceneName;0.94;-0.27;0.20;-0.08;578;605;710;-0.7058;1.402421;-0.03080001;0;0;0;341.72;38;356;Normal;0.01029062;4.960838
SceneName;0.94;-0.27;0.21;-0.08;579;605;710;-0.7058;1.402421;-0.03080001;0;0;0;341.72;38;356;Normal;0.007979393;4.968818
SceneName;0.93;-0.27;0.22;-0.08;577;605;710;-0.7058;1.402421;-0.03080001;0;0;0;341.96;38;356;Normal;0.009683609;4.978501
SceneName;0.93;-0.27;0.23;-0.08;578;606;711;-0.7058;1.402421;-0.03080001;0;0;0;341.48;38;356;Normal;0.005256176;4.983757
SceneName;0.93;-0.28;0.24;-0.08;578;606;711;-0.7058;1.402421;-0.03080001;0;0;0;341.72;37.60001;355.6;Normal;0.01773739;5.001495
SceneName;0.92;-0.28;0.26;-0.08;577;607;712;-0.7058;1.402421;-0.03080001;0;0;0;341.72;37.60001;355.6;Normal;0.009232044;5.010727
SceneName;0.92;-0.28;0.26;-0.08;577;607;713;-0.7058;1.402421;-0.03080001;0;0;0;341.48;37.19999;355.2;Normal;0.009202957;5.01993
SceneName;0.92;-0.29;0.27;-0.08;577;606;713;-0.7058;1.402421;-0.03080001;0;0;0;341.48;37.19999;354.8;Normal;0.008738041;5.028668
SceneName;0.91;-0.29;0.28;-0.08;577;605;713;-0.7058;1.402421;-0.03080001;0;0;0;341.48;37.60001;354.8;Normal;0.009467125;5.038135
SceneName;0.91;-0.29;0.27;-0.08;577;604;713;-0.7058;1.402421;-0.03080001;0;0;0;341.48;38;354.8;Normal;0.01253271;5.050668
SceneName;0.91;-0.30;0.27;-0.08;577;604;714;-0.7058;1.402421;-0.03080001;0;0;0;341.48;38.40001;354.8;Normal;0.005701065;5.056369
SceneName;0.91;-0.30;0.27;-0.08;577;604;714;-0.7058;1.402421;-0.03080001;0;0;0;341.48;38.40001;354.4;Normal;0.007240295;5.063609
SceneName;0.91;-0.31;0.26;-0.08;577;604;714;-0.7058;1.402421;-0.03080001;0;0;0;341.48;38.40001;354.4;Normal;0.01077032;5.074379
SceneName;0.91;-0.31;0.26;-0.08;577;604;713;-0.7058;1.402421;-0.03080001;0;0;0;341.48;38.40001;354.4;Normal;0.01672077;5.0911
SceneName;0.91;-0.31;0.26;-0.08;577;603;711;-0.7058;1.402421;-0.03080001;0;0;0;341.48;38.40001;354.8;Normal;0.00921917;5.100319
SceneName;0.91;-0.32;0.25;-0.08;577;601;709;-0.7058;1.402421;-0.03080001;0;0;0;341.48;38.8;355.6;Normal;0.00969553;5.110015
SceneName;0.91;-0.32;0.25;-0.08;577;599;706;-0.7058;1.402421;-0.03080001;0;0;0;341.48;39.60001;356.4;Normal;0.008406162;5.118421
SceneName;0.91;-0.32;0.25;-0.08;578;598;703;-0.7058;1.402421;-0.03080001;0;0;0;341.48;40.39999;357.6;Normal;0.005402088;5.123823
SceneName;0.91;-0.33;0.25;-0.08;576;597;700;-0.7058;1.402421;-0.03080001;0;0;0;341.72;40.80001;358.8;Normal;0.01735163;5.141175
SceneName;0.91;-0.33;0.25;-0.07;579;595;698;-0.7058;1.402421;-0.03080001;0;0;0;341.24;41.2;-5.008956E-06;Normal;0.0090909;5.150266
SceneName;0.90;-0.34;0.25;-0.07;578;594;697;-0.7058;1.402421;-0.03080001;0;0;0;341.96;42;0.8000014;Normal;0.00969553;5.159961
SceneName;0.90;-0.34;0.25;-0.07;579;593;695;-0.7058;1.402421;-0.03080001;0;0;0;341.72;42.39999;1.200005;Normal;0.008779049;5.16874
SceneName;0.90;-0.35;0.26;-0.07;579;592;693;-0.7058;1.402421;-0.03080001;0;0;0;341.96;42.80001;1.999997;Normal;0.006385326;5.175126
SceneName;0.90;-0.35;0.26;-0.06;579;592;690;-0.7058;1.402421;-0.03080001;0;0;0;341.96;43.2;2.800004;Normal;0.01625109;5.191377
SceneName;0.89;-0.36;0.27;-0.06;579;590;690;-0.7058;1.402421;-0.03080001;0;0;0;341.96;43.2;4;Normal;0.008690834;5.200068
SceneName;0.89;-0.36;0.27;-0.06;580;590;688;-0.7058;1.402421;-0.03080001;0;0;0;341.96;44.00001;4;Normal;0.005923271;5.205991
SceneName;0.89;-0.37;0.28;-0.05;581;590;688;-0.7058;1.402421;-0.03080001;0;0;0;342.2;44.00001;4.800006;Normal;0.01556015;5.221551
SceneName;0.88;-0.37;0.28;-0.05;582;590;686;-0.7058;1.402421;-0.03080001;0;0;0;342.44;44.00001;4.800006;Normal;0.006228924;5.22778
SceneName;0.88;-0.37;0.28;-0.05;583;589;685;-0.7058;1.402421;-0.03080001;0;0;0;342.68;44.00001;5.600012;Normal;0.01347685;5.241257
SceneName;0.88;-0.38;0.28;-0.05;583;588;685;-0.7058;1.402421;-0.03080001;0;0;0;342.92;44.4;6.000002;Normal;0.01224279;5.2535
SceneName;0.88;-0.38;0.28;-0.04;585;588;683;-0.7058;1.402421;-0.03080001;0;0;0;342.92;44.8;6.000002;Normal;0.00558424;5.259084
SceneName;0.88;-0.38;0.28;-0.04;585;588;683;-0.7058;1.402421;-0.03080001;0;0;0;343.4;44.8;6.800008;Normal;0.01201963;5.271103
SceneName;0.88;-0.39;0.28;-0.04;588;588;683;-0.7058;1.402421;-0.03080001;0;0;0;343.4;44.8;6.800008;Normal;0.009198666;5.280302
SceneName;0.88;-0.39;0.28;-0.04;589;588;682;-0.7058;1.402421;-0.03080001;0;0;0;344.12;44.8;6.800008;Normal;0.009532928;5.289835
SceneName;0.88;-0.39;0.27;-0.03;592;588;682;-0.7058;1.402421;-0.03080001;0;0;0;344.36;44.8;7.199998;Normal;0.00503397;5.294869
SceneName;0.88;-0.38;0.27;-0.03;596;588;682;-0.7058;1.402421;-0.03080001;0;0;0;345.08;44.8;7.199998;Normal;0.01767588;5.312545
SceneName;0.88;-0.38;0.27;-0.03;597;587;682;-0.7058;1.402421;-0.03080001;0;0;0;346.04;44.8;7.199998;Normal;0.009732723;5.322278
SceneName;0.89;-0.38;0.26;-0.03;599;589;684;-0.7058;1.402421;-0.03080001;0;0;0;346.28;45.2;7.199998;Normal;0.008025169;5.330303
SceneName;0.89;-0.37;0.26;-0.03;600;590;686;-0.7058;1.402421;-0.03080001;0;0;0;346.76;44.4;6.399992;Normal;0.008480549;5.338783
SceneName;0.89;-0.37;0.26;-0.03;602;592;689;-0.7058;1.402421;-0.03080001;0;0;0;347;44.00001;5.600012;Normal;0.009568214;5.348351
SceneName;0.89;-0.36;0.26;-0.03;603;597;691;-0.7058;1.402421;-0.03080001;0;0;0;347.48;43.2;4.39999;Normal;0.005390644;5.353742
SceneName;0.89;-0.36;0.27;-0.03;602;603;694;-0.7058;1.402421;-0.03080001;0;0;0;347.72;41.2;3.600011;Normal;0.01770115;5.371443
SceneName;0.90;-0.35;0.27;-0.03;603;610;695;-0.7058;1.402421;-0.03080001;0;0;0;347.48;38.8;2.400001;Normal;0.009420395;5.380864
SceneName;0.90;-0.34;0.27;-0.03;603;617;698;-0.7058;1.402421;-0.03080001;0;0;0;347.72;36;1.999997;Normal;0.009027481;5.389891
SceneName;0.90;-0.33;0.27;-0.03;605;623;699;-0.7058;1.402421;-0.03080001;0;0;0;347.72;33.2;0.8000014;Normal;0.009549141;5.39944
SceneName;0.91;-0.32;0.27;-0.03;605;628;700;-0.7058;1.402421;-0.03080001;0;0;0;348.2;30.80001;0.3999982;Normal;0.005696774;5.405137
SceneName;0.92;-0.30;0.27;-0.03;604;630;700;-0.7058;1.402421;-0.03080001;0;0;0;348.2;28.80001;-5.008956E-06;Normal;0.01614523;5.421282
SceneName;0.92;-0.28;0.27;-0.03;603;632;701;-0.7058;1.402421;-0.03080001;0;0;0;347.96;28;-5.008956E-06;Normal;0.01101065;5.432293
SceneName;0.93;-0.26;0.26;-0.03;602;634;703;-0.7058;1.402421;-0.03080001;0;0;0;347.72;27.2;359.6;Normal;0.007482529;5.439775
SceneName;0.94;-0.24;0.26;-0.03;601;634;703;-0.7058;1.402421;-0.03080001;0;0;0;347.48;26.4;358.8;Normal;0.008412838;5.448188
SceneName;0.94;-0.21;0.26;-0.03;600;633;705;-0.7058;1.402421;-0.03080001;0;0;0;347.24;26.4;358.8;Normal;0.01575851;5.463947
SceneName;0.95;-0.19;0.26;-0.03;600;633;707;-0.7058;1.402421;-0.03080001;0;0;0;347;26.8;358;Normal;0.007707596;5.471654
SceneName;0.95;-0.16;0.26;-0.03;599;635;708;-0.7058;1.402421;-0.03080001;0;0;0;347;26.8;357.2;Normal;0.007857323;5.479512
SceneName;0.95;-0.14;0.26;-0.03;597;640;710;-0.7058;1.402421;-0.03080001;0;0;0;346.76;26;356.8;Normal;0.01063728;5.490149
SceneName;0.96;-0.11;0.26;-0.03;596;645;710;-0.7058;1.402421;-0.03080001;0;0;0;346.28;24;356;Normal;0.007357597;5.497507
SceneName;0.96;-0.09;0.26;-0.03;594;650;711;-0.7058;1.402421;-0.03080001;0;0;0;346.04;22.00001;356;Normal;0.0143609;5.511868
SceneName;0.96;-0.06;0.26;-0.02;591;655;710;-0.7058;1.402421;-0.03080001;0;0;0;345.56;20.00001;355.6;Normal;0.009438038;5.521306
SceneName;0.97;-0.03;0.26;-0.02;590;659;708;-0.7058;1.402421;-0.03080001;0;0;0;344.84;18;356;Normal;0.008752346;5.530058
SceneName;0.97;-0.00;0.25;-0.02;589;664;708;-0.7058;1.402421;-0.03080001;0;0;0;344.6;16.39999;356.8;Normal;0.007555008;5.537613
SceneName;0.97;0.02;0.25;-0.02;588;668;706;-0.7058;1.402421;-0.03080001;0;0;0;344.36;14.4;356.8;Normal;0.005400658;5.543014
SceneName;0.97;0.04;0.24;-0.02;587;673;705;-0.7058;1.402421;-0.03080001;0;0;0;344.12;12.8;357.6;Normal;0.01001549;5.553029
SceneName;0.97;0.06;0.23;-0.02;586;676;704;-0.7058;1.402421;-0.03080001;0;0;0;343.88;10.8;358;Normal;0.01084566;5.563875
SceneName;0.97;0.08;0.22;-0.02;585;675;703;-0.7058;1.402421;-0.03080001;0;0;0;343.64;9.600003;358.4;Normal;0.009127617;5.573002
SceneName;0.97;0.09;0.21;-0.03;584;675;701;-0.7058;1.402421;-0.03080001;0;0;0;343.4;10.00001;358.8;Normal;0.01005554;5.583058
SceneName;0.97;0.11;0.19;-0.03;583;672;699;-0.7058;1.402421;-0.03080001;0;0;0;343.16;10.00001;359.6;Normal;0.01911783;5.602176
SceneName;0.97;0.12;0.18;-0.03;582;670;695;-0.7058;1.402421;-0.03080001;0;0;0;342.92;11.2;0.3999982;Normal;0.006886959;5.609063
SceneName;0.97;0.13;0.18;-0.04;580;668;693;-0.7058;1.402421;-0.03080001;0;0;0;342.68;12;1.999997;Normal;0.005877972;5.614941
SceneName;0.97;0.15;0.17;-0.04;580;668;690;-0.7058;1.402421;-0.03080001;0;0;0;342.2;12.8;2.800004;Normal;0.008853436;5.623794
SceneName;0.97;0.16;0.17;-0.04;580;670;688;-0.7058;1.402421;-0.03080001;0;0;0;342.2;12.8;4;Normal;0.009990215;5.633784
SceneName;0.97;0.17;0.17;-0.04;579;672;687;-0.7058;1.402421;-0.03080001;0;0;0;342.2;12;4.800006;Normal;0.009929657;5.643714
SceneName;0.97;0.17;0.17;-0.04;578;678;687;-0.7058;1.402421;-0.03080001;0;0;0;341.96;11.2;5.199996;Normal;0.01777792;5.661492
SceneName;0.97;0.18;0.17;-0.04;578;679;688;-0.7058;1.402421;-0.03080001;0;0;0;341.72;8.800011;5.199996;Normal;0.008135796;5.669628
SceneName;0.97;0.18;0.17;-0.04;578;680;687;-0.7058;1.402421;-0.03080001;0;0;0;341.72;8.399995;4.800006;Normal;0.005495548;5.675123
SceneName;0.97;0.19;0.17;-0.04;577;679;686;-0.7058;1.402421;-0.03080001;0;0;0;341.72;8.000005;5.199996;Normal;0.009398937;5.684522
SceneName;0.97;0.19;0.17;-0.04;578;678;686;-0.7058;1.402421;-0.03080001;0;0;0;341.48;8.399995;5.600012;Normal;0.008951664;5.693474
SceneName;0.97;0.19;0.17;-0.04;577;677;684;-0.7058;1.402421;-0.03080001;0;0;0;341.72;8.800011;5.600012;Normal;0.009418011;5.702892
SceneName;0.97;0.20;0.17;-0.04;576;675;683;-0.7058;1.402421;-0.03080001;0;0;0;341.48;9.200001;6.399992;Normal;0.009870529;5.712762
SceneName;0.96;0.20;0.17;-0.04;576;672;681;-0.7058;1.402421;-0.03080001;0;0;0;341.24;10.00001;6.800008;Normal;0.01052094;5.723283
SceneName;0.96;0.21;0.17;-0.04;576;670;680;-0.7058;1.402421;-0.03080001;0;0;0;341.24;11.2;7.600002;Normal;0.009514809;5.732798
SceneName;0.96;0.21;0.17;-0.04;577;670;678;-0.7058;1.402421;-0.03080001;0;0;0;341.24;12;8.000005;Normal;0.01963186;5.75243
SceneName;0.96;0.22;0.17;-0.04;577;669;676;-0.7058;1.402421;-0.03080001;0;0;0;341.48;12;8.800011;Normal;0.006619453;5.759049
SceneName;0.96;0.23;0.17;-0.04;577;669;676;-0.7058;1.402421;-0.03080001;0;0;0;341.48;12.4;9.600003;Normal;0.01272678;5.771776
SceneName;0.96;0.23;0.16;-0.04;577;669;675;-0.7058;1.402421;-0.03080001;0;0;0;341.48;12.4;9.600003;Normal;0.00571537;5.777492
SceneName;0.96;0.23;0.16;-0.04;577;668;674;-0.7058;1.402421;-0.03080001;0;0;0;341.48;12.4;10.00001;Normal;0.005762577;5.783254
SceneName;0.96;0.24;0.16;-0.04;577;670;674;-0.7058;1.402421;-0.03080001;0;0;0;341.48;12.8;10.4;Normal;0.01077175;5.794026
SceneName;0.96;0.24;0.15;-0.04;576;669;674;-0.7058;1.402421;-0.03080001;0;0;0;341.48;12;10.4;Normal;0.009386539;5.803412
SceneName;0.96;0.24;0.15;-0.04;576;669;673;-0.7058;1.402421;-0.03080001;0;0;0;341.24;12.4;10.4;Normal;0.01431513;5.817728
