SceneName;GyroQuaternion_W;GyroQuaternion_X;GyroQuaternion_Y;GyroQuaternion_Z;Flex Thumb;Flex Index;Flex Middle;HandPoz_X;HandPoz_Y;HandPoz_Z;HandRot_X;HandRot_Y;HandRot_Z;ThumbRot_Z;IndexRot_X;MiddleRot_X;Hand Condition;Time;Timestamp
SceneName;7;>*......>......1.00;0.00;0.00;0.00;675;645;-0.7058;-0.03257847;-0.9638001;70;0;0;0;0;0;Normal;0.02;0.02
SceneName;1.00;0.00;0.00;0.00;675;645;639;-0.7058;-0.03257847;-0.9638001;70;0;0;5;22.00001;24.4;Normal;0.3333333;0.3533334
SceneName;1.00;0.00;0.00;0.00;674;645;639;-0.7058;-0.03257847;-0.9638001;70;0;0;4.76;22.00001;24.4;Normal;0.09621689;0.4495502
SceneName;1.00;0.00;0.00;0.00;675;645;639;-0.7058;-0.03257847;-0.9638001;70;0;0;5;22.00001;24.4;Normal;0.01652229;0.4660725
SceneName;1.00;0.00;0.00;0.00;674;645;639;-0.7058;-0.03257847;-0.9638001;70;0;0;4.76;22.00001;24.4;Normal;0.009611428;0.475684
SceneName;1.00;0.00;0.00;0.00;674;645;639;-0.7058;-0.03257847;-0.9638001;70;0;0;4.76;22.00001;24.4;Normal;0.0143216;0.4900056
SceneName;1.00;0.00;0.00;0.00;674;644;639;-0.7058;-0.03257847;-0.9638001;70;0;0;4.76;22.4;24.4;Normal;0.012927;0.5029325
SceneName;1.00;0.00;0.00;0.00;674;645;639;-0.7058;-0.03257847;-0.9638001;70;0;0;4.76;22.00001;24.4;Normal;0.01311451;0.5160471
SceneName;1.00;0.00;0.00;0.00;674;644;639;-0.7058;-0.03257847;-0.9638001;70;0;0;4.76;22.4;24.4;Normal;0.01143587;0.5274829
SceneName;1.00;0.00;0.00;0.00;675;644;639;-0.7058;-0.03257847;-0.9638001;70;0;0;5;22.4;24.4;Normal;0.01271582;0.5401987
SceneName;1.00;0.00;0.00;0.00;674;645;639;-0.7058;-0.03257847;-0.9638001;70;0;0;4.76;22.00001;24.4;Normal;0.0118975;0.5520962
SceneName;1.00;0.00;0.00;0.00;675;644;639;-0.7058;-0.03257847;-0.9638001;70;0;0;5;22.4;24.4;Normal;0.0130446;0.5651408
SceneName;1.00;0.00;0.00;0.00;675;644;639;-0.7058;-0.03257847;-0.9638001;70;0;0;5;22.4;24.4;Normal;0.01176059;0.5769014
SceneName;1.00;0.00;0.00;0.00;675;645;639;-0.7058;-0.03257847;-0.9638001;70;0;0;5;22.00001;24.4;Normal;0.01271063;0.5896121
SceneName;1.00;0.00;0.00;0.00;674;645;639;-0.7058;-0.03257847;-0.9638001;70;0;0;4.76;22.00001;24.4;Normal;0.01233876;0.6019508
SceneName;1.00;0.00;0.00;0.00;674;644;639;-0.7058;-0.03257847;-0.9638001;70;0;0;4.76;22.4;24.4;Normal;0.01250529;0.6144561
SceneName;1.00;0.00;0.00;0.00;674;645;639;-0.7058;-0.03257847;-0.9638001;70;0;0;4.76;22.00001;24.4;Normal;0.01232982;0.6267859
SceneName;1.00;0.00;0.00;0.00;674;645;639;-0.7058;-0.03257847;-0.9638001;70;0;0;4.76;22.00001;24.4;Normal;0.0122605;0.6390464
SceneName;1.00;0.00;0.00;0.00;675;644;639;-0.7058;-0.03257847;-0.9638001;70;0;0;5;22.4;24.4;Normal;0.01205182;0.6510983
SceneName;1.00;0.00;0.00;0.00;674;645;639;-0.7058;-0.03257847;-0.9638001;70;0;0;4.76;22.00001;24.4;Normal;0.01257247;0.6636707
SceneName;1.00;0.00;0.00;0.00;674;645;639;-0.7058;-0.03257847;-0.9638001;70;0;0;4.76;22.00001;24.4;Normal;0.01158702;0.6752577
SceneName;1.00;0.00;0.00;0.00;674;644;639;-0.7058;-0.03257847;-0.9638001;70;0;0;4.76;22.4;24.4;Normal;0.01614928;0.691407
SceneName;1.00;0.00;0.00;0.00;675;644;639;-0.7058;-0.03257847;-0.9638001;70;0;0;5;22.4;24.4;Normal;0.01414579;0.7055528
SceneName;1.00;0.00;0.00;0.00;674;645;639;-0.7058;-0.03257847;-0.9638001;70;0;0;4.76;22.00001;24.4;Normal;0.005221009;0.7107738
SceneName;1.00;0.00;0.00;0.00;675;645;639;-0.7058;-0.03257847;-0.9638001;70;0;0;5;22.00001;24.4;Normal;0.004274309;0.7150481
SceneName;1.00;0.00;0.00;0.00;674;645;639;-0.7058;-0.03257847;-0.9638001;70;0;0;4.76;22.00001;24.4;Normal;0.003890038;0.7189382
SceneName;1.00;0.00;0.00;0.00;675;645;639;-0.7058;-0.03257847;-0.9638001;70;0;0;5;22.00001;24.4;Normal;0.004618943;0.7235571
SceneName;1.00;0.00;0.00;0.00;675;645;639;-0.7058;-0.03257847;-0.9638001;70;0;0;5;22.00001;24.4;Normal;0.003971457;0.7275286
SceneName;1.00;0.00;0.00;0.00;674;645;639;-0.7058;-0.03257847;-0.9638001;70;0;0;4.76;22.00001;24.4;Normal;0.004329443;0.731858
SceneName;1.00;0.00;0.00;0.00;674;644;639;-0.7058;-0.03257847;-0.9638001;70;0;0;4.76;22.4;24.4;Normal;0.003855407;0.7357134
SceneName;1.00;0.00;0.00;0.00;675;645;639;-0.7058;-0.03257847;-0.9638001;70;0;0;5;22.00001;24.4;Normal;0.004417121;0.7401305
SceneName;1.00;0.00;0.00;0.00;674;645;639;-0.7058;-0.03257847;-0.9638001;70;0;0;4.76;22.00001;24.4;Normal;0.004355371;0.7444859
SceneName;1.00;0.00;0.00;0.00;674;645;639;-0.7058;-0.03257847;-0.9638001;70;0;0;4.76;22.00001;24.4;Normal;0.003874242;0.7483602
SceneName;1.00;0.00;0.00;0.00;675;645;639;-0.7058;-0.03257847;-0.9638001;70;0;0;5;22.00001;24.4;Normal;0.00412941;0.7524896
SceneName;1.00;0.00;0.00;0.00;674;645;639;-0.7058;-0.03257847;-0.9638001;70;0;0;4.76;22.00001;24.4;Normal;0.004595757;0.7570853
SceneName;1.00;0.00;0.00;0.00;674;645;639;-0.7058;-0.03257847;-0.9638001;70;0;0;4.76;22.00001;24.4;Normal;0.003689826;0.7607751
SceneName;1.00;0.00;0.00;0.00;675;644;639;-0.7058;-0.03257847;-0.9638001;70;0;0;5;22.4;24.4;Normal;0.004433095;0.7652082
SceneName;1.00;0.00;0.00;0.00;675;645;639;-0.7058;-0.03257847;-0.9638001;70;0;0;5;22.00001;24.4;Normal;0.004287899;0.7694961
SceneName;1.00;0.00;0.00;0.00;674;645;639;-0.7058;-0.03257847;-0.9638001;70;0;0;4.76;22.00001;24.4;Normal;0.004702628;0.7741988
SceneName;1.00;0.00;0.00;0.00;675;644;639;-0.7058;-0.03257847;-0.9638001;70;0;0;5;22.4;24.4;Normal;0.004168868;0.7783676
SceneName;1.00;0.00;0.00;0.00;675;644;639;-0.7058;-0.03257847;-0.9638001;70;0;0;5;22.4;24.4;Normal;0.003972709;0.7823403
SceneName;1.00;0.00;0.00;0.00;674;644;639;-0.7058;-0.03257847;-0.9638001;70;0;0;4.76;22.4;24.4;Normal;0.004197598;0.7865379
SceneName;1.00;0.00;0.00;0.00;675;644;639;-0.7058;-0.03257847;-0.9638001;70;0;0;5;22.4;24.4;Normal;0.004272699;0.7908106
SceneName;1.00;0.00;0.00;0.00;675;645;639;-0.7058;-0.03257847;-0.9638001;70;0;0;5;22.00001;24.4;Normal;0.004172385;0.794983
SceneName;1.00;0.00;0.00;0.00;674;644;639;-0.7058;-0.03257847;-0.9638001;70;0;0;4.76;22.4;24.4;Normal;0.004527032;0.7995101
SceneName;1.00;0.00;0.00;0.00;674;645;639;-0.7058;-0.03257847;-0.9638001;70;0;0;4.76;22.00001;24.4;Normal;0.004547;0.8040571
SceneName;1.00;0.00;0.00;0.00;675;645;639;-0.7058;-0.03257847;-0.9638001;70;0;0;5;22.00001;24.4;Normal;0.004635572;0.8086926
SceneName;1.00;0.00;0.00;0.00;675;645;639;-0.7058;-0.03257847;-0.9638001;70;0;0;5;22.00001;24.4;Normal;0.003670037;0.8123627
SceneName;1.00;0.00;0.00;0.00;674;645;639;-0.7058;-0.03257847;-0.9638001;70;0;0;4.76;22.00001;24.4;Normal;0.004170895;0.8165336
SceneName;1.00;0.00;0.00;0.00;674;645;639;-0.7058;-0.03257847;-0.9638001;70;0;0;4.76;22.00001;24.4;Normal;0.003661871;0.8201954
SceneName;1.00;0.00;0.00;0.00;674;644;639;-0.7058;-0.03257847;-0.9638001;70;0;0;4.76;22.4;24.4;Normal;0.004394293;0.8245897
SceneName;1.00;0.00;0.00;0.00;674;645;639;-0.7058;-0.03257847;-0.9638001;70;0;0;4.76;22.00001;24.4;Normal;0.004128218;0.8287179
SceneName;1.00;0.00;0.00;0.00;674;645;639;-0.7058;-0.03257847;-0.9638001;70;0;0;4.76;22.00001;24.4;Normal;0.003933668;0.8326516
SceneName;1.00;0.00;0.00;0.00;675;645;639;-0.7058;-0.03257847;-0.9638001;70;0;0;5;22.00001;24.4;Normal;0.003812909;0.8364645
SceneName;1.00;0.00;0.00;0.00;675;645;639;-0.7058;-0.03257847;-0.9638001;70;0;0;5;22.00001;24.4;Normal;0.003594398;0.8400589
SceneName;1.00;0.00;0.00;0.00;675;645;639;-0.7058;-0.03257847;-0.9638001;70;0;0;5;22.00001;24.4;Normal;0.003532827;0.8435917
SceneName;1.00;0.00;0.00;0.00;675;644;639;-0.7058;-0.03257847;-0.9638001;70;0;0;5;22.4;24.4;Normal;0.003668666;0.8472604
SceneName;1.00;0.00;0.00;0.00;674;645;639;-0.7058;-0.03257847;-0.9638001;70;0;0;4.76;22.00001;24.4;Normal;0.003782809;0.8510432
SceneName;1.00;0.00;0.00;0.00;674;645;640;-0.7058;-0.03257847;-0.9638001;70;0;0;4.76;22.00001;24;Normal;0.003444016;0.8544872
SceneName;1.00;0.00;0.00;0.00;674;644;639;-0.7058;-0.03257847;-0.9638001;70;0;0;4.76;22.4;24.4;Normal;0.003651381;0.8581386
SceneName;1.00;0.00;0.00;0.00;675;644;639;-0.7058;-0.03257847;-0.9638001;70;0;0;5;22.4;24.4;Normal;0.003383219;0.8615218
SceneName;1.00;0.00;0.00;0.00;674;645;639;-0.7058;-0.03257847;-0.9638001;70;0;0;4.76;22.00001;24.4;Normal;0.0041852;0.865707
SceneName;1.00;0.00;0.00;0.00;675;644;639;-0.7058;-0.03257847;-0.9638001;70;0;0;5;22.4;24.4;Normal;0.003535032;0.8692421
SceneName;1.00;0.00;0.00;0.00;674;645;639;-0.7058;-0.03257847;-0.9638001;70;0;0;4.76;22.00001;24.4;Normal;0.003815651;0.8730577
SceneName;1.00;0.00;0.00;0.00;675;645;639;-0.7058;-0.03257847;-0.9638001;70;0;0;5;22.00001;24.4;Normal;0.003628492;0.8766862
SceneName;1.00;0.00;0.00;0.00;674;644;639;-0.7058;-0.03257847;-0.9638001;70;0;0;4.76;22.4;24.4;Normal;0.004750133;0.8814363
SceneName;1.00;0.00;0.00;0.00;675;645;639;-0.7058;-0.03257847;-0.9638001;70;0;0;5;22.00001;24.4;Normal;0.004155874;0.8855922
SceneName;1.00;0.00;0.00;0.00;674;644;639;-0.7058;-0.03257847;-0.9638001;70;0;0;4.76;22.4;24.4;Normal;0.003545046;0.8891373
SceneName;1.00;0.00;0.00;0.00;675;645;639;-0.7058;-0.03257847;-0.9638001;70;0;0;5;22.00001;24.4;Normal;0.004266679;0.8934039
SceneName;1.00;0.00;0.00;0.00;674;644;639;-0.7058;-0.03257847;-0.9638001;70;0;0;4.76;22.4;24.4;Normal;0.003806412;0.8972104
SceneName;1.00;0.00;0.00;0.00;674;644;639;-0.7058;-0.03257847;-0.9638001;70;0;0;4.76;22.4;24.4;Normal;0.003530562;0.9007409
SceneName;1.00;0.00;0.00;0.00;675;645;639;-0.7058;-0.03257847;-0.9638001;70;0;0;5;22.00001;24.4;Normal;0.00409025;0.9048312
SceneName;1.00;0.00;0.00;0.00;674;644;639;-0.7058;-0.03257847;-0.9638001;70;0;0;4.76;22.4;24.4;Normal;0.003798366;0.9086295
SceneName;1.00;0.00;0.00;0.00;674;645;639;-0.7058;-0.03257847;-0.9638001;70;0;0;4.76;22.00001;24.4;Normal;0.003812134;0.9124417
SceneName;1.00;0.00;0.00;0.00;674;644;639;-0.7058;-0.03257847;-0.9638001;70;0;0;4.76;22.4;24.4;Normal;0.003971577;0.9164132
SceneName;1.00;0.00;0.00;0.00;674;644;639;-0.7058;-0.03257847;-0.9638001;70;0;0;4.76;22.4;24.4;Normal;0.003454387;0.9198676
SceneName;1.00;0.00;0.00;0.00;675;644;639;-0.7058;-0.03257847;-0.9638001;70;0;0;5;22.4;24.4;Normal;0.003847718;0.9237154
SceneName;1.00;0.00;0.00;0.00;675;644;639;-0.7058;-0.03257847;-0.9638001;70;0;0;5;22.4;24.4;Normal;0.003680289;0.9273956
SceneName;1.00;0.00;0.00;0.00;675;645;639;-0.7058;-0.03257847;-0.9638001;70;0;0;5;22.00001;24.4;Normal;0.003800988;0.9311966
SceneName;1.00;0.00;0.00;0.00;674;645;639;-0.7058;-0.03257847;-0.9638001;70;0;0;4.76;22.00001;24.4;Normal;0.003737628;0.9349343
SceneName;1.00;0.00;0.00;0.00;674;645;639;-0.7058;-0.03257847;-0.9638001;70;0;0;4.76;22.00001;24.4;Normal;0.003406584;0.9383408
SceneName;1.00;0.00;0.00;0.00;675;645;639;-0.7058;-0.03257847;-0.9638001;70;0;0;5;22.00001;24.4;Normal;0.003979921;0.9423208
SceneName;1.00;0.00;0.00;0.00;675;645;639;-0.7058;-0.03257847;-0.9638001;70;0;0;5;22.00001;24.4;Normal;0.003612399;0.9459332
SceneName;1.00;0.00;0.00;0.00;674;645;639;-0.7058;-0.03257847;-0.9638001;70;0;0;4.76;22.00001;24.4;Normal;0.003840864;0.949774
SceneName;1.00;0.00;0.00;0.00;674;645;639;-0.7058;-0.03257847;-0.9638001;70;0;0;4.76;22.00001;24.4;Normal;0.003398716;0.9531727
SceneName;1.00;0.00;0.00;0.00;675;645;639;-0.7058;-0.03257847;-0.9638001;70;0;0;5;22.00001;24.4;Normal;0.003889799;0.9570625
SceneName;1.00;0.00;0.00;0.00;674;644;639;-0.7058;-0.03257847;-0.9638001;70;0;0;4.76;22.4;24.4;Normal;0.00383991;0.9609025
SceneName;1.00;0.00;0.00;0.00;674;645;639;-0.7058;-0.03257847;-0.9638001;70;0;0;4.76;22.00001;24.4;Normal;0.004065216;0.9649677
SceneName;1.00;0.00;0.00;0.00;674;645;639;-0.7058;-0.03257847;-0.9638001;70;0;0;4.76;22.00001;24.4;Normal;0.00335449;0.9683222
SceneName;1.00;0.00;0.00;0.00;674;645;639;-0.7058;-0.03257847;-0.9638001;70;0;0;4.76;22.00001;24.4;Normal;0.003662407;0.9719846
SceneName;1.00;0.00;0.00;0.00;674;645;639;-0.7058;-0.03257847;-0.9638001;70;0;0;4.76;22.00001;24.4;Normal;0.003516972;0.9755015
SceneName;1.00;0.00;0.00;0.00;674;644;639;-0.7058;-0.03257847;-0.9638001;70;0;0;4.76;22.4;24.4;Normal;0.003631115;0.9791327
SceneName;1.00;0.00;0.00;0.00;675;644;639;-0.7058;-0.03257847;-0.9638001;70;0;0;5;22.4;24.4;Normal;0.004306495;0.9834391
SceneName;1.00;0.00;0.00;0.00;674;645;639;-0.7058;-0.03257847;-0.9638001;70;0;0;4.76;22.00001;24.4;Normal;0.004039824;0.987479
SceneName;1.00;0.00;0.00;0.00;675;645;639;-0.7058;-0.03257847;-0.9638001;70;0;0;5;22.00001;24.4;Normal;0.00378859;0.9912676
SceneName;1.00;0.00;0.00;0.00;674;645;639;-0.7058;-0.03257847;-0.9638001;70;0;0;4.76;22.00001;24.4;Normal;0.003562808;0.9948304
SceneName;1.00;0.00;0.00;0.00;674;645;640;-0.7058;-0.03257847;-0.9638001;70;0;0;4.76;22.00001;24;Normal;0.003851473;0.9986818
SceneName;1.00;0.00;0.00;0.00;674;644;639;-0.7058;-0.03257847;-0.9638001;70;0;0;4.76;22.4;24.4;Normal;0.003606737;1.002289
SceneName;1.00;0.00;0.00;0.00;675;645;639;-0.7058;-0.03257847;-0.9638001;70;0;0;5;22.00001;24.4;Normal;0.003963709;1.006252
SceneName;1.00;0.00;0.00;0.00;675;645;639;-0.7058;-0.03257847;-0.9638001;70;0;0;5;22.00001;24.4;Normal;0.003365636;1.009618
SceneName;1.00;0.00;0.00;0.00;674;644;639;-0.7058;-0.03257847;-0.9638001;70;0;0;4.76;22.4;24.4;Normal;0.00361979;1.013238
SceneName;1.00;0.00;0.00;0.00;674;644;639;-0.7058;-0.03257847;-0.9638001;70;0;0;4.76;22.4;24.4;Normal;0.003410935;1.016649
SceneName;1.00;0.00;0.00;0.00;674;645;639;-0.7058;-0.03257847;-0.9638001;70;0;0;4.76;22.00001;24.4;Normal;0.003723383;1.020372
SceneName;1.00;0.00;0.00;0.00;675;645;639;-0.7058;-0.03257847;-0.9638001;70;0;0;5;22.00001;24.4;Normal;0.003974438;1.024346
SceneName;1.00;0.00;0.00;0.00;675;644;639;-0.7058;-0.03257847;-0.9638001;70;0;0;5;22.4;24.4;Normal;0.003480554;1.027827
SceneName;1.00;0.00;0.00;0.00;674;644;639;-0.7058;-0.03257847;-0.9638001;70;0;0;4.76;22.4;24.4;Normal;0.003534675;1.031362
SceneName;1.00;0.00;0.00;0.00;674;645;639;-0.7058;-0.03257847;-0.9638001;70;0;0;4.76;22.00001;24.4;Normal;0.0037781;1.03514
SceneName;1.00;0.00;0.00;0.00;674;645;639;-0.7058;-0.03257847;-0.9638001;70;0;0;4.76;22.00001;24.4;Normal;0.003082991;1.038223
SceneName;1.00;0.00;0.00;0.00;674;645;639;-0.7058;-0.03257847;-0.9638001;70;0;0;4.76;22.00001;24.4;Normal;0.003549218;1.041772
SceneName;1.00;0.00;0.00;0.00;674;644;639;-0.7058;-0.03257847;-0.9638001;70;0;0;4.76;22.4;24.4;Normal;0.003816962;1.045589
SceneName;1.00;0.00;0.00;0.00;674;644;639;-0.7058;-0.03257847;-0.9638001;70;0;0;4.76;22.4;24.4;Normal;0.003327847;1.048917
SceneName;1.00;0.00;0.00;0.00;675;644;639;-0.7058;-0.03257847;-0.9638001;70;0;0;5;22.4;24.4;Normal;0.003535867;1.052453
SceneName;1.00;0.00;0.00;0.00;674;645;639;-0.7058;-0.03257847;-0.9638001;70;0;0;4.76;22.00001;24.4;Normal;0.003638268;1.056091
SceneName;1.00;0.00;0.00;0.00;674;644;639;-0.7058;-0.03257847;-0.9638001;70;0;0;4.76;22.4;24.4;Normal;0.003594279;1.059685
SceneName;1.00;0.00;0.00;0.00;674;644;639;-0.7058;-0.03257847;-0.9638001;70;0;0;4.76;22.4;24.4;Normal;0.003310561;1.062996
SceneName;1.00;0.00;0.00;0.00;674;644;639;-0.7058;-0.03257847;-0.9638001;70;0;0;4.76;22.4;24.4;Normal;0.003657103;1.066653
SceneName;1.00;0.00;0.00;0.00;674;645;639;-0.7058;-0.03257847;-0.9638001;70;0;0;4.76;22.00001;24.4;Normal;0.003639936;1.070293
SceneName;1.00;0.00;0.00;0.00;674;645;639;-0.7058;-0.03257847;-0.9638001;70;0;0;4.76;22.00001;24.4;Normal;0.003611684;1.073905
SceneName;1.00;0.00;0.00;0.00;675;644;639;-0.7058;-0.03257847;-0.9638001;70;0;0;5;22.4;24.4;Normal;0.003635168;1.07754
SceneName;1.00;0.00;0.00;0.00;674;645;639;-0.7058;-0.03257847;-0.9638001;70;0;0;4.76;22.00001;24.4;Normal;0.004800797;1.08234
SceneName;1.00;0.00;0.00;0.00;675;644;639;-0.7058;-0.03257847;-0.9638001;70;0;0;5;22.4;24.4;Normal;0.004025817;1.086366
SceneName;1.00;0.00;0.00;0.00;674;644;639;-0.7058;-0.03257847;-0.9638001;70;0;0;4.76;22.4;24.4;Normal;0.003617406;1.089984
SceneName;1.00;0.00;0.00;0.00;675;645;639;-0.7058;-0.03257847;-0.9638001;70;0;0;5;22.00001;24.4;Normal;0.004347682;1.094331
SceneName;1.00;0.00;0.00;0.00;674;644;639;-0.7058;-0.03257847;-0.9638001;70;0;0;4.76;22.4;24.4;Normal;0.004239321;1.098571
SceneName;1.00;0.00;0.00;0.00;674;645;639;-0.7058;-0.03257847;-0.9638001;70;0;0;4.76;22.00001;24.4;Normal;0.003761768;1.102332
SceneName;1.00;0.00;0.00;0.00;674;644;639;-0.7058;-0.03257847;-0.9638001;70;0;0;4.76;22.4;24.4;Normal;0.003908634;1.106241
SceneName;1.00;0.00;0.00;0.00;675;645;639;-0.7058;-0.03257847;-0.9638001;70;0;0;5;22.00001;24.4;Normal;0.003694177;1.109935
SceneName;1.00;0.00;0.00;0.00;674;644;639;-0.7058;-0.03257847;-0.9638001;70;0;0;4.76;22.4;24.4;Normal;0.00436151;1.114297
SceneName;1.00;0.00;0.00;0.00;675;644;639;-0.7058;-0.03257847;-0.9638001;70;0;0;5;22.4;24.4;Normal;0.004297256;1.118594
SceneName;1.00;0.00;0.00;0.00;674;645;639;-0.7058;-0.03257847;-0.9638001;70;0;0;4.76;22.00001;24.4;Normal;0.004209518;1.122804
SceneName;1.00;0.00;0.00;0.00;675;645;639;-0.7058;-0.03257847;-0.9638001;70;0;0;5;22.00001;24.4;Normal;0.005101919;1.127905
SceneName;1.00;0.00;0.00;0.00;674;644;639;-0.7058;-0.03257847;-0.9638001;70;0;0;4.76;22.4;24.4;Normal;0.004358411;1.132264
SceneName;1.00;0.00;0.00;0.00;674;645;639;-0.7058;-0.03257847;-0.9638001;70;0;0;4.76;22.00001;24.4;Normal;0.003997087;1.136261
SceneName;1.00;0.00;0.00;0.00;675;645;639;-0.7058;-0.03257847;-0.9638001;70;0;0;5;22.00001;24.4;Normal;0.003774762;1.140036
SceneName;1.00;0.00;0.00;0.00;674;645;639;-0.7058;-0.03257847;-0.9638001;70;0;0;4.76;22.00001;24.4;Normal;0.004026055;1.144062
SceneName;1.00;0.00;0.00;0.00;674;645;639;-0.7058;-0.03257847;-0.9638001;70;0;0;4.76;22.00001;24.4;Normal;0.003570795;1.147633
SceneName;1.00;0.00;0.00;0.00;675;645;639;-0.7058;-0.03257847;-0.9638001;70;0;0;5;22.00001;24.4;Normal;0.003749728;1.151382
SceneName;1.00;0.00;0.00;0.00;675;644;639;-0.7058;-0.03257847;-0.9638001;70;0;0;5;22.4;24.4;Normal;0.003468633;1.154851
SceneName;1.00;0.00;0.00;0.00;675;644;639;-0.7058;-0.03257847;-0.9638001;70;0;0;5;22.4;24.4;Normal;0.003657579;1.158509
SceneName;1.00;0.00;0.00;0.00;675;645;639;-0.7058;-0.03257847;-0.9638001;70;0;0;5;22.00001;24.4;Normal;0.00363028;1.162139
SceneName;1.00;0.00;0.00;0.00;674;644;639;-0.7058;-0.03257847;-0.9638001;70;0;0;4.76;22.4;24.4;Normal;0.004074693;1.166214
SceneName;1.00;0.00;0.00;0.00;675;644;639;-0.7058;-0.03257847;-0.9638001;70;0;0;5;22.4;24.4;Normal;0.003479004;1.169693
SceneName;1.00;0.00;0.00;0.00;675;644;639;-0.7058;-0.03257847;-0.9638001;70;0;0;5;22.4;24.4;Normal;0.00354445;1.173237
SceneName;1.00;0.00;0.00;0.00;675;645;639;-0.7058;-0.03257847;-0.9638001;70;0;0;5;22.00001;24.4;Normal;0.003636956;1.176874
SceneName;1.00;0.00;0.00;0.00;674;644;639;-0.7058;-0.03257847;-0.9638001;70;0;0;4.76;22.4;24.4;Normal;0.003563166;1.180437
SceneName;1.00;0.00;0.00;0.00;675;645;639;-0.7058;-0.03257847;-0.9638001;70;0;0;5;22.00001;24.4;Normal;0.003817916;1.184255
SceneName;1.00;0.00;0.00;0.00;674;644;639;-0.7058;-0.03257847;-0.9638001;70;0;0;4.76;22.4;24.4;Normal;0.003579378;1.187834
SceneName;1.00;0.00;0.00;0.00;675;645;639;-0.7058;-0.03257847;-0.9638001;70;0;0;5;22.00001;24.4;Normal;0.003920794;1.191755
SceneName;1.00;0.00;0.00;0.00;674;645;639;-0.7058;-0.03257847;-0.9638001;70;0;0;4.76;22.00001;24.4;Normal;0.003830075;1.195585
SceneName;1.00;0.00;0.00;0.00;674;645;639;-0.7058;-0.03257847;-0.9638001;70;0;0;4.76;22.00001;24.4;Normal;0.003680706;1.199266
SceneName;1.00;0.00;0.00;0.00;674;644;639;-0.7058;-0.03257847;-0.9638001;70;0;0;4.76;22.4;24.4;Normal;0.003955364;1.203221
SceneName;1.00;0.00;0.00;0.00;675;645;639;-0.7058;-0.03257847;-0.9638001;70;0;0;5;22.00001;24.4;Normal;0.004586101;1.207807
SceneName;1.00;0.00;0.00;0.00;674;644;639;-0.7058;-0.03257847;-0.9638001;70;0;0;4.76;22.4;24.4;Normal;0.003929615;1.211737
SceneName;1.00;0.00;0.00;0.00;674;644;639;-0.7058;-0.03257847;-0.9638001;70;0;0;4.76;22.4;24.4;Normal;0.003629565;1.215367
SceneName;1.00;0.00;0.00;0.00;675;645;639;-0.7058;-0.03257847;-0.9638001;70;0;0;5;22.00001;24.4;Normal;0.003568769;1.218935
SceneName;1.00;0.00;0.00;0.00;674;645;639;-0.7058;-0.03257847;-0.9638001;70;0;0;4.76;22.00001;24.4;Normal;0.003714323;1.22265
SceneName;1.00;0.00;0.00;0.00;675;645;639;-0.7058;-0.03257847;-0.9638001;70;0;0;5;22.00001;24.4;Normal;0.003847599;1.226497
SceneName;1.00;0.00;0.00;0.00;674;644;639;-0.7058;-0.03257847;-0.9638001;70;0;0;4.76;22.4;24.4;Normal;0.003441453;1.229939
SceneName;1.00;0.00;0.00;0.00;675;645;639;-0.7058;-0.03257847;-0.9638001;70;0;0;5;22.00001;24.4;Normal;0.00383997;1.233779
SceneName;1.00;0.00;0.00;0.00;674;644;639;-0.7058;-0.03257847;-0.9638001;70;0;0;4.76;22.4;24.4;Normal;0.003599167;1.237378
SceneName;1.00;0.00;0.00;0.00;674;645;639;-0.7058;-0.03257847;-0.9638001;70;0;0;4.76;22.00001;24.4;Normal;0.003651381;1.241029
SceneName;1.00;0.00;0.00;0.01;674;645;638;-0.7058;-0.03257847;-0.9638001;70;0;0;4.76;22.00001;24.8;Normal;0.003731012;1.24476
SceneName;1.00;0.00;-0.00;0.01;674;645;637;-0.7058;-0.03257847;-0.9638001;70;0;0;4.76;22.00001;25.19999;Normal;0.003685474;1.248446
SceneName;1.00;0.01;-0.00;0.01;674;645;637;-0.7058;-0.03257847;-0.9638001;70;0;0;4.76;22.00001;25.19999;Normal;0.003826618;1.252272
SceneName;1.00;0.01;0.00;0.02;675;644;637;-0.7058;-0.03257847;-0.9638001;70;0;0;5;22.4;25.19999;Normal;0.003681898;1.255954
SceneName;1.00;0.02;0.01;0.02;674;644;637;-0.7058;-0.03257847;-0.9638001;70;0;0;4.76;22.4;25.19999;Normal;0.003682852;1.259637
SceneName;1.00;0.02;0.01;0.03;674;644;630;-0.7058;-0.03257847;-0.9638001;70;0;0;4.76;22.4;28;Normal;0.003606439;1.263244
SceneName;1.00;0.03;0.01;0.03;674;643;625;-0.7058;-0.03257847;-0.9638001;70;0;0;4.76;22.8;30;Normal;0.004172206;1.267416
SceneName;1.00;0.03;0.01;0.03;674;644;624;-0.7058;-0.03257847;-0.9638001;70;0;0;4.76;22.4;30.4;Normal;0.003772616;1.271188
SceneName;1.00;0.03;0.00;0.03;673;644;624;-0.7058;-0.03257847;-0.9638001;70;0;0;4.52;22.4;30.4;Normal;0.003926396;1.275115
SceneName;1.00;0.03;0.00;0.03;673;643;628;-0.7058;-0.03257847;-0.9638001;70;0;0;4.52;22.8;28.80001;Normal;0.0036484;1.278763
SceneName;1.00;0.03;0.01;0.03;674;643;625;-0.7058;-0.03257847;-0.9638001;70;0;0;4.76;22.8;30;Normal;0.005038857;1.283802
SceneName;1.00;0.03;0.02;0.03;673;642;624;-0.7058;-0.03257847;-0.9638001;70;0;0;4.52;23.20001;30.4;Normal;0.004149318;1.287951
SceneName;1.00;0.03;0.03;0.03;670;642;627;-0.7058;-0.03257847;-0.9638001;70;0;0;3.800001;23.20001;29.2;Normal;0.004076958;1.292028
SceneName;1.00;0.03;0.03;0.04;666;641;620;-0.7058;-0.03257847;-0.9638001;70;0;0;2.84;23.6;32;Normal;0.004322529;1.296351
SceneName;1.00;0.03;0.03;0.04;664;641;619;-0.7058;-0.03257847;-0.9638001;70;0;0;2.36;23.6;32.4;Normal;0.003949285;1.3003
SceneName;1.00;0.03;0.03;0.04;660;641;619;-0.7058;-0.03257847;-0.9638001;70;0;0;1.4;23.6;32.4;Normal;0.004055381;1.304356
SceneName;1.00;0.03;0.04;0.04;651;640;618;-0.7058;-0.03257847;-0.9638001;70;0;0;359.24;24;32.8;Normal;0.004001141;1.308357
SceneName;1.00;0.02;0.05;0.04;638;640;618;-0.7058;-0.03257847;-0.9638001;70;0;0;356.12;24;32.8;Normal;0.003885031;1.312242
SceneName;1.00;0.02;0.07;0.04;623;639;617;-0.7058;-0.03257847;-0.9638001;70;0;0;352.52;24.4;33.2;Normal;0.003916621;1.316158
SceneName;0.99;0.02;0.10;0.04;612;640;616;-0.7058;-0.03257847;-0.9638001;70;0;0;349.88;24;33.60001;Normal;0.003642082;1.3198
SceneName;0.99;0.01;0.12;0.04;604;643;616;-0.7058;-0.03257847;-0.9638001;70;0;0;347.96;22.8;33.60001;Normal;0.003958225;1.323759
SceneName;0.99;0.01;0.13;0.05;599;646;615;-0.7058;-0.03257847;-0.9638001;70;0;0;346.76;21.6;34.00001;Normal;0.003909469;1.327668
SceneName;0.99;0.00;0.15;0.05;596;648;615;-0.7058;-0.03257847;-0.9638001;70;0;0;346.04;20.80001;34.00001;Normal;0.003734946;1.331403
SceneName;0.99;-0.00;0.15;0.06;593;648;614;-0.7058;-0.03257847;-0.9638001;70;0;0;345.32;20.80001;34.4;Normal;0.003637671;1.335041
SceneName;0.99;-0.00;0.16;0.06;592;648;614;-0.7058;-0.03257847;-0.9638001;70;0;0;345.08;20.80001;34.4;Normal;0.003468037;1.338509
SceneName;0.98;-0.00;0.16;0.06;590;647;614;-0.7058;-0.03257847;-0.9638001;70;0;0;344.6;21.2;34.4;Normal;0.003688574;1.342197
SceneName;0.98;-0.00;0.17;0.06;589;647;614;-0.7058;-0.03257847;-0.9638001;70;0;0;344.36;21.2;34.4;Normal;0.004222631;1.34642
SceneName;0.98;-0.00;0.18;0.07;588;648;613;-0.7058;-0.03257847;-0.9638001;70;0;0;344.12;20.80001;34.8;Normal;0.003739476;1.350159
SceneName;0.98;-0.01;0.19;0.07;585;651;613;-0.7058;-0.03257847;-0.9638001;70;0;0;343.4;19.6;34.8;Normal;0.003635883;1.353795
SceneName;0.98;-0.01;0.20;0.07;584;654;613;-0.7058;-0.03257847;-0.9638001;70;0;0;343.16;18.39999;34.8;Normal;0.003654718;1.35745
SceneName;0.97;-0.01;0.22;0.07;583;656;613;-0.7058;-0.03257847;-0.9638001;70;0;0;342.92;17.60001;34.8;Normal;0.01316774;1.370618
SceneName;0.97;-0.02;0.23;0.07;583;657;613;-0.7058;-0.03257847;-0.9638001;70;0;0;342.92;17.2;34.8;Normal;0.004251838;1.37487
SceneName;0.97;-0.02;0.24;0.07;583;659;613;-0.7058;-0.03257847;-0.9638001;70;0;0;342.92;16.39999;34.8;Normal;0.007532835;1.382402
SceneName;0.96;-0.02;0.26;0.07;581;659;613;-0.7058;-0.03257847;-0.9638001;70;0;0;342.44;16.39999;34.8;Normal;0.01016366;1.392566
SceneName;0.96;-0.02;0.27;0.07;582;659;613;-0.7058;-0.03257847;-0.9638001;70;0;0;342.68;16.39999;34.8;Normal;0.009839654;1.402406
SceneName;0.96;-0.02;0.28;0.07;581;658;613;-0.7058;-0.03257847;-0.9638001;70;0;0;342.44;16.80001;34.8;Normal;0.01015317;1.412559
SceneName;0.95;-0.03;0.29;0.07;582;658;613;-0.7058;-0.03257847;-0.9638001;70;0;0;342.68;16.80001;34.8;Normal;0.01837766;1.430937
SceneName;0.95;-0.03;0.31;0.06;582;658;614;-0.7058;-0.03257847;-0.9638001;70;0;0;342.68;16.80001;34.4;Normal;0.004059434;1.434996
SceneName;0.94;-0.03;0.32;0.06;582;656;614;-0.7058;-0.03257847;-0.9638001;70;0;0;342.68;17.60001;34.4;Normal;0.01530087;1.450297
SceneName;0.94;-0.03;0.34;0.06;582;657;613;-0.7058;-0.03257847;-0.9638001;70;0;0;342.68;17.2;34.8;Normal;0.004130006;1.454427
SceneName;0.93;-0.03;0.35;0.06;582;656;613;-0.7058;-0.03257847;-0.9638001;70;0;0;342.68;17.60001;34.8;Normal;0.008062363;1.462489
SceneName;0.93;-0.03;0.37;0.05;583;656;613;-0.7058;-0.03257847;-0.9638001;70;0;0;342.92;17.60001;34.8;Normal;0.01008606;1.472575
SceneName;0.92;-0.04;0.38;0.05;581;656;613;-0.7058;-0.03257847;-0.9638001;70;0;0;342.44;17.60001;34.8;Normal;0.01003027;1.482606
SceneName;0.91;-0.04;0.40;0.05;581;657;612;-0.7058;-0.03257847;-0.9638001;70;0;0;342.44;17.2;35.20001;Normal;0.01296091;1.495566
SceneName;0.91;-0.04;0.41;0.05;582;656;613;-0.7058;-0.03257847;-0.9638001;70;0;0;342.68;17.60001;34.8;Normal;0.006924629;1.502491
SceneName;0.90;-0.04;0.43;0.04;582;656;612;-0.7058;-0.03257847;-0.9638001;70;0;0;342.68;17.60001;35.20001;Normal;0.01070237;1.513193
SceneName;0.90;-0.04;0.44;0.04;582;655;612;-0.7058;-0.03257847;-0.9638001;70;0;0;342.68;18;35.20001;Normal;0.01729584;1.530489
SceneName;0.89;-0.05;0.45;0.04;582;656;612;-0.7058;-0.03257847;-0.9638001;70;0;0;342.68;17.60001;35.20001;Normal;0.004334807;1.534824
SceneName;0.88;-0.05;0.46;0.04;583;655;612;-0.7058;-0.03257847;-0.9638001;70;0;0;342.92;18;35.20001;Normal;0.01570237;1.550526
SceneName;0.88;-0.05;0.48;0.04;583;655;612;-0.7058;-0.03257847;-0.9638001;70;0;0;342.92;18;35.20001;Normal;0.00410378;1.55463
SceneName;0.87;-0.05;0.49;0.04;582;654;613;-0.7058;-0.03257847;-0.9638001;70;0;0;342.68;18.39999;34.8;Normal;0.00793457;1.562565
SceneName;0.86;-0.06;0.50;0.04;583;654;613;-0.7058;-0.03257847;-0.9638001;70;0;0;342.92;18.39999;34.8;Normal;0.01036048;1.572925
SceneName;0.86;-0.06;0.51;0.04;583;654;614;-0.7058;-0.03257847;-0.9638001;70;0;0;342.92;18.39999;34.4;Normal;0.009829044;1.582754
SceneName;0.85;-0.07;0.52;0.04;583;653;613;-0.7058;-0.03257847;-0.9638001;70;0;0;342.92;18.80001;34.8;Normal;0.009782314;1.592537
SceneName;0.85;-0.07;0.53;0.04;582;652;614;-0.7058;-0.03257847;-0.9638001;70;0;0;342.68;19.2;34.4;Normal;0.0101192;1.602656
SceneName;0.84;-0.07;0.53;0.04;582;651;614;-0.7058;-0.03257847;-0.9638001;70;0;0;342.68;19.6;34.4;Normal;0.009984612;1.612641
SceneName;0.84;-0.07;0.54;0.04;584;651;613;-0.7058;-0.03257847;-0.9638001;70;0;0;343.16;19.6;34.8;Normal;0.01016343;1.622804
SceneName;0.84;-0.07;0.54;0.04;583;651;613;-0.7058;-0.03257847;-0.9638001;70;0;0;342.92;19.6;34.8;Normal;0.009692669;1.632497
SceneName;0.84;-0.07;0.54;0.04;583;651;614;-0.7058;-0.03257847;-0.9638001;70;0;0;342.92;19.6;34.4;Normal;0.01033032;1.642827
SceneName;0.83;-0.07;0.54;0.03;584;651;614;-0.7058;-0.03257847;-0.9638001;70;0;0;343.16;19.6;34.4;Normal;0.009768724;1.652596
SceneName;0.83;-0.07;0.55;0.03;584;651;614;-0.7058;-0.03257847;-0.9638001;70;0;0;343.16;19.6;34.4;Normal;0.01018047;1.662776
SceneName;0.83;-0.07;0.55;0.03;584;651;614;-0.7058;-0.03257847;-0.9638001;70;0;0;343.16;19.6;34.4;Normal;0.009529114;1.672305
SceneName;0.83;-0.07;0.55;0.03;584;652;614;-0.7058;-0.03257847;-0.9638001;70;0;0;343.16;19.2;34.4;Normal;0.01923835;1.691544
SceneName;0.83;-0.07;0.55;0.03;584;651;615;-0.7058;-0.03257847;-0.9638001;70;0;0;343.16;19.6;34.00001;Normal;0.00518918;1.696733
SceneName;0.83;-0.07;0.55;0.03;584;650;614;-0.7058;-0.03257847;-0.9638001;70;0;0;343.16;20.00001;34.4;Normal;0.005792737;1.702525
SceneName;0.83;-0.07;0.55;0.03;585;651;614;-0.7058;-0.03257847;-0.9638001;70;0;0;343.4;19.6;34.4;Normal;0.01077223;1.713298
SceneName;0.83;-0.07;0.55;0.03;583;650;615;-0.7058;-0.03257847;-0.9638001;70;0;0;342.92;20.00001;34.00001;Normal;0.009830117;1.723128
SceneName;0.83;-0.07;0.55;0.03;584;651;614;-0.7058;-0.03257847;-0.9638001;70;0;0;343.16;19.6;34.4;Normal;0.009397626;1.732525
SceneName;0.83;-0.07;0.55;0.03;585;651;615;-0.7058;-0.03257847;-0.9638001;70;0;0;343.4;19.6;34.00001;Normal;0.01856518;1.751091
SceneName;0.83;-0.07;0.55;0.03;584;651;615;-0.7058;-0.03257847;-0.9638001;70;0;0;343.16;19.6;34.00001;Normal;0.004258275;1.755349
SceneName;0.83;-0.07;0.55;0.03;586;650;615;-0.7058;-0.03257847;-0.9638001;70;0;0;343.64;20.00001;34.00001;Normal;0.01526642;1.770615
SceneName;0.83;-0.07;0.55;0.03;585;650;615;-0.7058;-0.03257847;-0.9638001;70;0;0;343.4;20.00001;34.00001;Normal;0.003999352;1.774615
SceneName;0.83;-0.07;0.55;0.03;585;650;615;-0.7058;-0.03257847;-0.9638001;70;0;0;343.4;20.00001;34.00001;Normal;0.007899284;1.782514
SceneName;0.83;-0.07;0.55;0.03;585;650;615;-0.7058;-0.03257847;-0.9638001;70;0;0;343.4;20.00001;34.00001;Normal;0.01011574;1.79263
SceneName;0.83;-0.07;0.55;0.03;586;649;615;-0.7058;-0.03257847;-0.9638001;70;0;0;343.64;20.39999;34.00001;Normal;0.01021576;1.802845
SceneName;0.83;-0.07;0.55;0.03;586;650;615;-0.7058;-0.03257847;-0.9638001;70;0;0;343.64;20.00001;34.00001;Normal;0.009725928;1.812571
SceneName;0.83;-0.06;0.55;0.03;586;650;616;-0.7058;-0.03257847;-0.9638001;70;0;0;343.64;20.00001;33.60001;Normal;0.009981632;1.822553
SceneName;0.83;-0.06;0.55;0.03;586;649;616;-0.7058;-0.03257847;-0.9638001;70;0;0;343.64;20.39999;33.60001;Normal;0.01845384;1.841007
SceneName;0.83;-0.06;0.55;0.04;587;649;617;-0.7058;-0.03257847;-0.9638001;70;0;0;343.88;20.39999;33.2;Normal;0.004324198;1.845331
SceneName;0.83;-0.06;0.55;0.04;587;648;618;-0.7058;-0.03257847;-0.9638001;70;0;0;343.88;20.80001;32.8;Normal;0.007231116;1.852562
SceneName;0.83;-0.06;0.55;0.04;587;649;618;-0.7058;-0.03257847;-0.9638001;70;0;0;343.88;20.39999;32.8;Normal;0.01016247;1.862725
SceneName;0.83;-0.06;0.55;0.04;587;649;619;-0.7058;-0.03257847;-0.9638001;70;0;0;343.88;20.39999;32.4;Normal;0.009906173;1.872631
SceneName;0.84;-0.06;0.54;0.04;589;649;620;-0.7058;-0.03257847;-0.9638001;70;0;0;344.36;20.39999;32;Normal;0.01022303;1.882854
SceneName;0.84;-0.06;0.54;0.05;590;649;620;-0.7058;-0.03257847;-0.9638001;70;0;0;344.6;20.39999;32;Normal;0.01014102;1.892995
SceneName;0.84;-0.06;0.54;0.05;591;649;622;-0.7058;-0.03257847;-0.9638001;70;0;0;344.84;20.39999;31.2;Normal;0.01916838;1.912163
SceneName;0.84;-0.06;0.53;0.05;593;648;621;-0.7058;-0.03257847;-0.9638001;70;0;0;345.32;20.80001;31.60001;Normal;0.004324079;1.916487
SceneName;0.85;-0.06;0.53;0.05;594;648;623;-0.7058;-0.03257847;-0.9638001;70;0;0;345.56;20.80001;30.80001;Normal;0.006462216;1.92295
SceneName;0.85;-0.06;0.52;0.06;593;648;622;-0.7058;-0.03257847;-0.9638001;70;0;0;345.32;20.80001;31.2;Normal;0.01065373;1.933603
SceneName;0.85;-0.06;0.52;0.06;594;647;622;-0.7058;-0.03257847;-0.9638001;70;0;0;345.56;21.2;31.2;Normal;0.009620428;1.943224
SceneName;0.85;-0.06;0.52;0.06;593;647;623;-0.7058;-0.03257847;-0.9638001;70;0;0;345.32;21.2;30.80001;Normal;0.009561419;1.952785
SceneName;0.85;-0.06;0.52;0.07;594;648;623;-0.7058;-0.03257847;-0.9638001;70;0;0;345.56;20.80001;30.80001;Normal;0.01006961;1.962855
SceneName;0.85;-0.06;0.51;0.07;593;648;623;-0.7058;-0.03257847;-0.9638001;70;0;0;345.32;20.80001;30.80001;Normal;0.0188055;1.98166
SceneName;0.85;-0.06;0.51;0.07;592;647;624;-0.7058;-0.03257847;-0.9638001;70;0;0;345.08;21.2;30.4;Normal;0.005520701;1.987181
SceneName;0.86;-0.06;0.51;0.07;594;648;625;-0.7058;-0.03257847;-0.9638001;70;0;0;345.56;20.80001;30;Normal;0.005599022;1.99278
SceneName;0.86;-0.06;0.51;0.07;594;648;626;-0.7058;-0.03257847;-0.9638001;70;0;0;345.56;20.80001;29.60001;Normal;0.01018524;2.002965
SceneName;0.86;-0.06;0.50;0.08;595;648;627;-0.7058;-0.03257847;-0.9638001;70;0;0;345.8;20.80001;29.2;Normal;0.009731531;2.012697
SceneName;0.86;-0.06;0.50;0.08;595;648;627;-0.7058;-0.03257847;-0.9638001;70;0;0;345.8;20.80001;29.2;Normal;0.01031709;2.023014
SceneName;0.87;-0.06;0.49;0.08;595;647;628;-0.7058;-0.03257847;-0.9638001;70;0;0;345.8;21.2;28.80001;Normal;0.01836514;2.041379
SceneName;0.87;-0.05;0.49;0.08;596;647;627;-0.7058;-0.03257847;-0.9638001;70;0;0;346.04;21.2;29.2;Normal;0.004265547;2.045645
SceneName;0.87;-0.05;0.48;0.08;595;647;627;-0.7058;-0.03257847;-0.9638001;70;0;0;345.8;21.2;29.2;Normal;0.01520443;2.060849
SceneName;0.87;-0.05;0.48;0.09;595;646;627;-0.7058;-0.03257847;-0.9638001;70;0;0;345.8;21.6;29.2;Normal;0.004125357;2.064974
SceneName;0.87;-0.05;0.48;0.09;595;647;627;-0.7058;-0.03257847;-0.9638001;70;0;0;345.8;21.2;29.2;Normal;0.007821321;2.072796
SceneName;0.87;-0.05;0.47;0.09;596;646;626;-0.7058;-0.03257847;-0.9638001;70;0;0;346.04;21.6;29.60001;Normal;0.01002169;2.082817
SceneName;0.88;-0.05;0.47;0.09;596;647;626;-0.7058;-0.03257847;-0.9638001;70;0;0;346.04;21.2;29.60001;Normal;0.01015258;2.09297
SceneName;0.88;-0.05;0.47;0.09;595;647;626;-0.7058;-0.03257847;-0.9638001;70;0;0;345.8;21.2;29.60001;Normal;0.01018882;2.103159
SceneName;0.88;-0.05;0.47;0.09;595;646;625;-0.7058;-0.03257847;-0.9638001;70;0;0;345.8;21.6;30;Normal;0.01945448;2.122613
SceneName;0.88;-0.04;0.46;0.09;595;646;625;-0.7058;-0.03257847;-0.9638001;70;0;0;345.8;21.6;30;Normal;0.004515648;2.127129
SceneName;0.88;-0.04;0.46;0.09;594;647;624;-0.7058;-0.03257847;-0.9638001;70;0;0;345.56;21.2;30.4;Normal;0.0139811;2.14111
SceneName;0.88;-0.04;0.46;0.09;594;647;623;-0.7058;-0.03257847;-0.9638001;70;0;0;345.56;21.2;30.80001;Normal;0.004275799;2.145386
SceneName;0.88;-0.04;0.46;0.09;593;647;624;-0.7058;-0.03257847;-0.9638001;70;0;0;345.32;21.2;30.4;Normal;0.007768393;2.153154
SceneName;0.88;-0.04;0.46;0.09;593;647;623;-0.7058;-0.03257847;-0.9638001;70;0;0;345.32;21.2;30.80001;Normal;0.009729624;2.162884
SceneName;0.88;-0.04;0.46;0.09;592;648;623;-0.7058;-0.03257847;-0.9638001;70;0;0;345.08;20.80001;30.80001;Normal;0.009960651;2.172844
SceneName;0.88;-0.04;0.47;0.09;594;647;624;-0.7058;-0.03257847;-0.9638001;70;0;0;345.56;21.2;30.4;Normal;0.01007414;2.182919
SceneName;0.88;-0.04;0.47;0.09;593;648;623;-0.7058;-0.03257847;-0.9638001;70;0;0;345.32;20.80001;30.80001;Normal;0.01004696;2.192966
SceneName;0.88;-0.04;0.47;0.09;594;647;623;-0.7058;-0.03257847;-0.9638001;70;0;0;345.56;21.2;30.80001;Normal;0.01024365;2.203209
SceneName;0.88;-0.04;0.47;0.09;594;646;622;-0.7058;-0.03257847;-0.9638001;70;0;0;345.56;21.6;31.2;Normal;0.01792645;2.221136
SceneName;0.88;-0.04;0.47;0.09;593;646;623;-0.7058;-0.03257847;-0.9638001;70;0;0;345.32;21.6;30.80001;Normal;0.005030394;2.226166
SceneName;0.88;-0.03;0.47;0.08;594;647;623;-0.7058;-0.03257847;-0.9638001;70;0;0;345.56;21.2;30.80001;Normal;0.006881237;2.233047
SceneName;0.88;-0.03;0.47;0.08;594;645;622;-0.7058;-0.03257847;-0.9638001;70;0;0;345.56;22.00001;31.2;Normal;0.017941;2.250988
SceneName;0.88;-0.03;0.47;0.08;593;645;622;-0.7058;-0.03257847;-0.9638001;70;0;0;345.32;22.00001;31.2;Normal;0.004321337;2.25531
SceneName;0.88;-0.02;0.47;0.08;592;646;623;-0.7058;-0.03257847;-0.9638001;70;0;0;345.08;21.6;30.80001;Normal;0.00778985;2.263099
SceneName;0.88;-0.02;0.47;0.08;593;646;623;-0.7058;-0.03257847;-0.9638001;70;0;0;345.32;21.6;30.80001;Normal;0.01030016;2.2734
SceneName;0.88;-0.02;0.47;0.07;592;646;623;-0.7058;-0.03257847;-0.9638001;70;0;0;345.08;21.6;30.80001;Normal;0.009586334;2.282986
SceneName;0.88;-0.01;0.47;0.07;591;646;622;-0.7058;-0.03257847;-0.9638001;70;0;0;344.84;21.6;31.2;Normal;0.01015973;2.293146
SceneName;0.88;-0.01;0.47;0.07;591;646;622;-0.7058;-0.03257847;-0.9638001;70;0;0;344.84;21.6;31.2;Normal;0.009912491;2.303058
SceneName;0.88;-0.01;0.47;0.07;591;645;623;-0.7058;-0.03257847;-0.9638001;70;0;0;344.84;22.00001;30.80001;Normal;0.01003861;2.313097
SceneName;0.88;-0.01;0.47;0.07;591;645;622;-0.7058;-0.03257847;-0.9638001;70;0;0;344.84;22.00001;31.2;Normal;0.01148582;2.324583
SceneName;0.88;-0.01;0.47;0.07;590;644;622;-0.7058;-0.03257847;-0.9638001;70;0;0;344.6;22.4;31.2;Normal;0.008764267;2.333347
SceneName;0.88;-0.01;0.47;0.07;592;643;622;-0.7058;-0.03257847;-0.9638001;70;0;0;345.08;22.8;31.2;Normal;0.01792479;2.351272
SceneName;0.88;-0.00;0.47;0.06;591;643;621;-0.7058;-0.03257847;-0.9638001;70;0;0;344.84;22.8;31.60001;Normal;0.004116058;2.355388
SceneName;0.88;0.00;0.46;0.06;591;643;621;-0.7058;-0.03257847;-0.9638001;70;0;0;344.84;22.8;31.60001;Normal;0.007162094;2.36255
SceneName;0.88;0.00;0.46;0.06;589;643;620;-0.7058;-0.03257847;-0.9638001;70;0;0;344.36;22.8;32;Normal;0.01061034;2.37316
SceneName;0.88;0.00;0.46;0.06;590;643;621;-0.7058;-0.03257847;-0.9638001;70;0;0;344.6;22.8;31.60001;Normal;0.009638786;2.382799
SceneName;0.88;0.01;0.46;0.06;588;641;620;-0.7058;-0.03257847;-0.9638001;70;0;0;344.12;23.6;32;Normal;0.01005983;2.392859
SceneName;0.88;0.01;0.47;0.06;589;641;621;-0.7058;-0.03257847;-0.9638001;70;0;0;344.36;23.6;31.60001;Normal;0.009668112;2.402527
SceneName;0.88;0.01;0.47;0.06;588;639;621;-0.7058;-0.03257847;-0.9638001;70;0;0;344.12;24.4;31.60001;Normal;0.01074171;2.413269
SceneName;0.88;0.01;0.47;0.06;588;639;620;-0.7058;-0.03257847;-0.9638001;70;0;0;344.12;24.4;32;Normal;0.009708405;2.422977
SceneName;0.88;0.01;0.47;0.06;588;638;621;-0.7058;-0.03257847;-0.9638001;70;0;0;344.12;24.8;31.60001;Normal;0.009750843;2.432728
SceneName;0.88;0.01;0.47;0.05;586;636;620;-0.7058;-0.03257847;-0.9638001;70;0;0;343.64;25.60001;32;Normal;0.01022315;2.442951
SceneName;0.88;0.01;0.47;0.05;586;636;621;-0.7058;-0.03257847;-0.9638001;70;0;0;343.64;25.60001;31.60001;Normal;0.01009369;2.453045
SceneName;0.88;0.01;0.46;0.04;585;636;621;-0.7058;-0.03257847;-0.9638001;70;0;0;343.4;25.60001;31.60001;Normal;0.009604692;2.462649
SceneName;0.89;0.01;0.46;0.03;586;635;622;-0.7058;-0.03257847;-0.9638001;70;0;0;343.64;26;31.2;Normal;0.01045918;2.473109
SceneName;0.89;0.01;0.47;0.02;586;637;622;-0.7058;-0.03257847;-0.9638001;70;0;0;343.64;25.19999;31.2;Normal;0.009426594;2.482535
SceneName;0.89;0.00;0.47;0.00;585;636;623;-0.7058;-0.03257847;-0.9638001;70;0;0;343.4;25.60001;30.80001;Normal;0.01028967;2.492825
SceneName;0.88;-0.00;0.47;-0.01;584;636;624;-0.7058;-0.03257847;-0.9638001;70;0;0;343.16;25.60001;30.4;Normal;0.01831961;2.511144
SceneName;0.88;-0.00;0.47;-0.03;583;635;624;-0.7058;-0.03257847;-0.9638001;70;0;0;342.92;26;30.4;Normal;0.008943796;2.520088
SceneName;0.88;-0.01;0.47;-0.04;583;636;625;-0.7058;-0.03257847;-0.9638001;70;0;0;342.92;25.60001;30;Normal;0.009947538;2.530036
SceneName;0.88;-0.01;0.47;-0.05;584;636;625;-0.7058;-0.03257847;-0.9638001;70;0;0;343.16;25.60001;30;Normal;0.008158922;2.538195
SceneName;0.88;-0.02;0.47;-0.05;584;635;625;-0.7058;-0.03257847;-0.9638001;70;0;0;343.16;26;30;Normal;0.005222797;2.543417
SceneName;0.88;-0.02;0.47;-0.05;582;634;626;-0.7058;-0.03257847;-0.9638001;70;0;0;342.68;26.4;29.60001;Normal;0.01738381;2.560801
SceneName;0.88;-0.02;0.47;-0.06;583;636;627;-0.7058;-0.03257847;-0.9638001;70;0;0;342.92;25.60001;29.2;Normal;0.0095222;2.570323
SceneName;0.88;-0.02;0.47;-0.07;582;635;628;-0.7058;-0.03257847;-0.9638001;70;0;0;342.68;26;28.80001;Normal;0.009062767;2.579386
SceneName;0.88;-0.01;0.47;-0.08;582;636;630;-0.7058;-0.03257847;-0.9638001;70;0;0;342.68;25.60001;28;Normal;0.004036427;2.583423
SceneName;0.88;-0.01;0.47;-0.09;581;635;630;-0.7058;-0.03257847;-0.9638001;70;0;0;342.44;26;28;Normal;0.01750159;2.600924
SceneName;0.88;-0.00;0.47;-0.10;581;635;629;-0.7058;-0.03257847;-0.9638001;70;0;0;342.44;26;28.39999;Normal;0.00905323;2.609977
SceneName;0.88;0.01;0.47;-0.11;582;636;629;-0.7058;-0.03257847;-0.9638001;70;0;0;342.68;25.60001;28.39999;Normal;0.003808022;2.613786
SceneName;0.87;0.02;0.47;-0.11;582;636;630;-0.7058;-0.03257847;-0.9638001;70;0;0;342.68;25.60001;28;Normal;0.00976491;2.62355
SceneName;0.87;0.02;0.47;-0.12;581;636;631;-0.7058;-0.03257847;-0.9638001;70;0;0;342.44;25.60001;27.60001;Normal;0.009930134;2.633481
SceneName;0.87;0.03;0.47;-0.13;580;637;633;-0.7058;-0.03257847;-0.9638001;70;0;0;342.2;25.19999;26.8;Normal;0.01001215;2.643493
SceneName;0.87;0.04;0.47;-0.14;581;638;634;-0.7058;-0.03257847;-0.9638001;70;0;0;342.44;24.8;26.4;Normal;0.01042795;2.653921
SceneName;0.87;0.04;0.47;-0.15;581;640;635;-0.7058;-0.03257847;-0.9638001;70;0;0;342.44;24;26;Normal;0.009938717;2.663859
SceneName;0.87;0.05;0.47;-0.15;581;639;637;-0.7058;-0.03257847;-0.9638001;70;0;0;342.44;24.4;25.19999;Normal;0.009393215;2.673253
SceneName;0.86;0.05;0.47;-0.16;581;640;637;-0.7058;-0.03257847;-0.9638001;70;0;0;342.44;24;25.19999;Normal;0.009690523;2.682943
SceneName;0.86;0.06;0.47;-0.17;580;640;636;-0.7058;-0.03257847;-0.9638001;70;0;0;342.2;24;25.60001;Normal;0.01895475;2.701898
SceneName;0.86;0.06;0.47;-0.18;579;639;635;-0.7058;-0.03257847;-0.9638001;70;0;0;341.96;24.4;26;Normal;0.004280329;2.706178
SceneName;0.86;0.07;0.47;-0.19;580;639;635;-0.7058;-0.03257847;-0.9638001;70;0;0;342.2;24.4;26;Normal;0.00696063;2.713139
SceneName;0.86;0.07;0.47;-0.20;579;640;635;-0.7058;-0.03257847;-0.9638001;70;0;0;341.96;24;26;Normal;0.01082015;2.723959
SceneName;0.86;0.07;0.47;-0.20;580;639;636;-0.7058;-0.03257847;-0.9638001;70;0;0;342.2;24.4;25.60001;Normal;0.01844454;2.742404
SceneName;0.86;0.08;0.47;-0.21;579;641;637;-0.7058;-0.03257847;-0.9638001;70;0;0;341.96;23.6;25.19999;Normal;0.004183769;2.746587
SceneName;0.85;0.08;0.46;-0.22;578;641;637;-0.7058;-0.03257847;-0.9638001;70;0;0;341.72;23.6;25.19999;Normal;0.01477313;2.76136
SceneName;0.85;0.09;0.46;-0.23;578;641;637;-0.7058;-0.03257847;-0.9638001;70;0;0;341.72;23.6;25.19999;Normal;0.004221439;2.765582
SceneName;0.85;0.09;0.46;-0.23;578;641;637;-0.7058;-0.03257847;-0.9638001;70;0;0;341.72;23.6;25.19999;Normal;0.007555485;2.773137
SceneName;0.85;0.10;0.46;-0.24;578;640;638;-0.7058;-0.03257847;-0.9638001;70;0;0;341.72;24;24.8;Normal;0.01000714;2.783144
SceneName;0.85;0.09;0.45;-0.25;577;640;639;-0.7058;-0.03257847;-0.9638001;70;0;0;341.48;24;24.4;Normal;0.01033068;2.793475
SceneName;0.85;0.09;0.45;-0.26;576;640;639;-0.7058;-0.03257847;-0.9638001;70;0;0;341.24;24;24.4;Normal;0.01770067;2.811176
SceneName;0.85;0.09;0.45;-0.27;576;639;640;-0.7058;-0.03257847;-0.9638001;70;0;0;341.24;24.4;24;Normal;0.004816771;2.815993
SceneName;0.85;0.09;0.45;-0.28;576;639;641;-0.7058;-0.03257847;-0.9638001;70;0;0;341.24;24.4;23.6;Normal;0.007848024;2.823841
SceneName;0.84;0.09;0.45;-0.28;576;640;641;-0.7058;-0.03257847;-0.9638001;70;0;0;341.24;24;23.6;Normal;0.009156466;2.832997
SceneName;0.84;0.10;0.44;-0.29;577;640;641;-0.7058;-0.03257847;-0.9638001;70;0;0;341.48;24;23.6;Normal;0.01017857;2.843176
SceneName;0.84;0.10;0.44;-0.29;576;640;641;-0.7058;-0.03257847;-0.9638001;70;0;0;341.24;24;23.6;Normal;0.01846838;2.861644
SceneName;0.84;0.10;0.44;-0.30;576;641;641;-0.7058;-0.03257847;-0.9638001;70;0;0;341.24;23.6;23.6;Normal;0.004207611;2.865852
SceneName;0.84;0.10;0.44;-0.30;576;641;642;-0.7058;-0.03257847;-0.9638001;70;0;0;341.24;23.6;23.20001;Normal;0.008186817;2.874038
SceneName;0.84;0.10;0.44;-0.31;577;640;642;-0.7058;-0.03257847;-0.9638001;70;0;0;341.48;24;23.20001;Normal;0.009133101;2.883172
SceneName;0.84;0.10;0.43;-0.31;576;640;640;-0.7058;-0.03257847;-0.9638001;70;0;0;341.24;24;24;Normal;0.01026487;2.893436
SceneName;0.84;0.10;0.43;-0.32;576;640;641;-0.7058;-0.03257847;-0.9638001;70;0;0;341.24;24;23.6;Normal;0.009730816;2.903167
SceneName;0.84;0.10;0.43;-0.32;576;641;640;-0.7058;-0.03257847;-0.9638001;70;0;0;341.24;23.6;24;Normal;0.01872087;2.921888
SceneName;0.84;0.10;0.42;-0.33;577;641;639;-0.7058;-0.03257847;-0.9638001;70;0;0;341.48;23.6;24.4;Normal;0.004687071;2.926575
SceneName;0.84;0.10;0.42;-0.33;575;641;640;-0.7058;-0.03257847;-0.9638001;70;0;0;341;23.6;24;Normal;0.007947922;2.934523
SceneName;0.84;0.10;0.42;-0.33;576;639;640;-0.7058;-0.03257847;-0.9638001;70;0;0;341.24;24.4;24;Normal;0.01005244;2.944576
SceneName;0.84;0.10;0.42;-0.33;575;641;640;-0.7058;-0.03257847;-0.9638001;70;0;0;341;23.6;24;Normal;0.008447409;2.953023
SceneName;0.84;0.09;0.42;-0.34;574;639;640;-0.7058;-0.03257847;-0.9638001;70;0;0;340.76;24.4;24;Normal;0.018471;2.971494
SceneName;0.84;0.09;0.42;-0.34;577;640;639;-0.7058;-0.03257847;-0.9638001;70;0;0;341.48;24;24.4;Normal;0.004179001;2.975673
SceneName;0.84;0.09;0.42;-0.34;576;640;640;-0.7058;-0.03257847;-0.9638001;70;0;0;341.24;24;24;Normal;0.007929802;2.983603
SceneName;0.84;0.09;0.42;-0.34;576;640;639;-0.7058;-0.03257847;-0.9638001;70;0;0;341.24;24;24.4;Normal;0.0102365;2.993839
SceneName;0.84;0.09;0.42;-0.34;575;640;640;-0.7058;-0.03257847;-0.9638001;70;0;0;341;24;24;Normal;0.01017594;3.004015
SceneName;0.84;0.09;0.41;-0.34;575;640;639;-0.7058;-0.03257847;-0.9638001;70;0;0;341;24;24.4;Normal;0.01768136;3.021697
SceneName;0.84;0.09;0.41;-0.34;575;640;639;-0.7058;-0.03257847;-0.9638001;70;0;0;341;24;24.4;Normal;0.004014492;3.025711
SceneName;0.84;0.09;0.41;-0.34;575;640;640;-0.7058;-0.03257847;-0.9638001;70;0;0;341;24;24;Normal;0.007735968;3.033447
SceneName;0.84;0.09;0.41;-0.34;576;640;640;-0.7058;-0.03257847;-0.9638001;70;0;0;341.24;24;24;Normal;0.0104022;3.043849
SceneName;0.84;0.09;0.41;-0.34;576;640;639;-0.7058;-0.03257847;-0.9638001;70;0;0;341.24;24;24.4;Normal;0.0178206;3.06167
SceneName;0.84;0.09;0.41;-0.34;574;640;639;-0.7058;-0.03257847;-0.9638001;70;0;0;340.76;24;24.4;Normal;0.009428024;3.071098
SceneName;0.84;0.09;0.41;-0.34;574;640;638;-0.7058;-0.03257847;-0.9638001;70;0;0;340.76;24;24.8;Normal;0.00406909;3.075167
SceneName;0.84;0.08;0.41;-0.34;577;638;639;-0.7058;-0.03257847;-0.9638001;70;0;0;341.48;24.8;24.4;Normal;0.01665545;3.091822
SceneName;0.84;0.08;0.41;-0.34;575;639;638;-0.7058;-0.03257847;-0.9638001;70;0;0;341;24.4;24.8;Normal;0.004201174;3.096024
SceneName;0.84;0.08;0.41;-0.33;575;639;638;-0.7058;-0.03257847;-0.9638001;70;0;0;341;24.4;24.8;Normal;0.00789094;3.103914
SceneName;0.84;0.08;0.41;-0.33;576;637;638;-0.7058;-0.03257847;-0.9638001;70;0;0;341.24;25.19999;24.8;Normal;0.009904623;3.113819
SceneName;0.85;0.08;0.41;-0.33;577;638;638;-0.7058;-0.03257847;-0.9638001;70;0;0;341.48;24.8;24.8;Normal;0.01037979;3.124199
SceneName;0.85;0.08;0.41;-0.33;576;640;638;-0.7058;-0.03257847;-0.9638001;70;0;0;341.24;24;24.8;Normal;0.009316683;3.133516
SceneName;0.85;0.08;0.41;-0.33;577;639;638;-0.7058;-0.03257847;-0.9638001;70;0;0;341.48;24.4;24.8;Normal;0.01089716;3.144413
SceneName;0.85;0.08;0.41;-0.33;574;641;637;-0.7058;-0.03257847;-0.9638001;70;0;0;340.76;23.6;25.19999;Normal;0.009650469;3.154063
SceneName;0.85;0.08;0.41;-0.33;577;640;638;-0.7058;-0.03257847;-0.9638001;70;0;0;341.48;24;24.8;Normal;0.009280443;3.163344
SceneName;0.85;0.08;0.41;-0.33;574;641;637;-0.7058;-0.03257847;-0.9638001;70;0;0;340.76;23.6;25.19999;Normal;0.01836252;3.181706
SceneName;0.85;0.08;0.41;-0.33;577;640;637;-0.7058;-0.03257847;-0.9638001;70;0;0;341.48;24;25.19999;Normal;0.004158735;3.185865
SceneName;0.85;0.07;0.40;-0.32;576;641;637;-0.7058;-0.03257847;-0.9638001;70;0;0;341.24;23.6;25.19999;Normal;0.007862568;3.193727
SceneName;0.85;0.07;0.40;-0.32;574;643;637;-0.7058;-0.03257847;-0.9638001;70;0;0;340.76;22.8;25.19999;Normal;0.01020598;3.203933
SceneName;0.85;0.07;0.40;-0.32;575;643;637;-0.7058;-0.03257847;-0.9638001;70;0;0;341;22.8;25.19999;Normal;0.009458065;3.213392
SceneName;0.86;0.07;0.40;-0.32;575;643;637;-0.7058;-0.03257847;-0.9638001;70;0;0;341;22.8;25.19999;Normal;0.009966612;3.223358
SceneName;0.86;0.07;0.41;-0.31;575;648;637;-0.7058;-0.03257847;-0.9638001;70;0;0;341;20.80001;25.19999;Normal;0.01015544;3.233514
SceneName;0.86;0.06;0.41;-0.31;575;651;637;-0.7058;-0.03257847;-0.9638001;70;0;0;341;19.6;25.19999;Normal;0.0100193;3.243533
SceneName;0.86;0.06;0.41;-0.30;576;654;637;-0.7058;-0.03257847;-0.9638001;70;0;0;341.24;18.39999;25.19999;Normal;0.0100944;3.253627
SceneName;0.86;0.05;0.42;-0.30;576;657;639;-0.7058;-0.03257847;-0.9638001;70;0;0;341.24;17.2;24.4;Normal;0.01075172;3.264379
SceneName;0.86;0.04;0.42;-0.29;576;658;640;-0.7058;-0.03257847;-0.9638001;70;0;0;341.24;16.80001;24;Normal;0.009369612;3.273749
SceneName;0.86;0.03;0.42;-0.28;574;660;641;-0.7058;-0.03257847;-0.9638001;70;0;0;340.76;16;23.6;Normal;0.01764774;3.291396
SceneName;0.87;0.02;0.42;-0.28;575;659;641;-0.7058;-0.03257847;-0.9638001;70;0;0;341;16.39999;23.6;Normal;0.004281282;3.295678
SceneName;0.87;0.01;0.42;-0.27;574;661;641;-0.7058;-0.03257847;-0.9638001;70;0;0;340.76;15.60001;23.6;Normal;0.00805068;3.303728
SceneName;0.87;-0.01;0.41;-0.26;575;661;643;-0.7058;-0.03257847;-0.9638001;70;0;0;341;15.60001;22.8;Normal;0.01778698;3.321515
SceneName;0.87;-0.02;0.41;-0.26;574;663;649;-0.7058;-0.03257847;-0.9638001;70;0;0;340.76;14.8;20.39999;Normal;0.009021282;3.330537
SceneName;0.88;-0.04;0.41;-0.26;574;667;656;-0.7058;-0.03257847;-0.9638001;70;0;0;340.76;13.20001;17.60001;Normal;0.009236336;3.339773
SceneName;0.88;-0.07;0.41;-0.25;574;669;663;-0.7058;-0.03257847;-0.9638001;70;0;0;340.76;12.4;14.8;Normal;0.004882097;3.344655
SceneName;0.88;-0.09;0.40;-0.24;575;671;670;-0.7058;-0.03257847;-0.9638001;70;0;0;341;11.60001;12;Normal;0.01730776;3.361963
SceneName;0.88;-0.12;0.40;-0.24;574;667;675;-0.7058;-0.03257847;-0.9638001;70;0;0;340.76;13.20001;10.00001;Normal;0.004282713;3.366246
SceneName;0.87;-0.14;0.40;-0.23;574;664;675;-0.7058;-0.03257847;-0.9638001;70;0;0;340.76;14.4;10.00001;Normal;0.01513553;3.381381
SceneName;0.87;-0.16;0.41;-0.22;575;662;675;-0.7058;-0.03257847;-0.9638001;70;0;0;341;15.19999;10.00001;Normal;0.009730101;3.391111
SceneName;0.87;-0.18;0.41;-0.22;576;660;674;-0.7058;-0.03257847;-0.9638001;70;0;0;341.24;16;10.4;Normal;0.008527756;3.399639
SceneName;0.86;-0.20;0.41;-0.21;576;660;675;-0.7058;-0.03257847;-0.9638001;70;0;0;341.24;16;10.00001;Normal;0.009130239;3.408769
SceneName;0.86;-0.22;0.41;-0.21;576;660;677;-0.7058;-0.03257847;-0.9638001;70;0;0;341.24;16;9.200001;Normal;0.004729271;3.413498
SceneName;0.86;-0.24;0.41;-0.20;578;658;678;-0.7058;-0.03257847;-0.9638001;70;0;0;341.72;16.80001;8.800011;Normal;0.01799726;3.431496
SceneName;0.85;-0.26;0.41;-0.20;577;658;680;-0.7058;-0.03257847;-0.9638001;70;0;0;341.48;16.80001;8.000005;Normal;0.004228115;3.435724
SceneName;0.85;-0.28;0.41;-0.19;579;659;682;-0.7058;-0.03257847;-0.9638001;70;0;0;341.96;16.39999;7.199998;Normal;0.01580882;3.451533
SceneName;0.84;-0.30;0.41;-0.19;580;659;683;-0.7058;-0.03257847;-0.9638001;70;0;0;342.2;16.39999;6.800008;Normal;0.009028435;3.460561
SceneName;0.84;-0.32;0.40;-0.19;581;658;684;-0.7058;-0.03257847;-0.9638001;70;0;0;342.44;16.80001;6.399992;Normal;0.009132624;3.469694
SceneName;0.83;-0.33;0.40;-0.19;583;658;684;-0.7058;-0.03257847;-0.9638001;70;0;0;342.92;16.80001;6.399992;Normal;0.009021282;3.478715
SceneName;0.83;-0.35;0.40;-0.19;584;657;684;-0.7058;-0.03257847;-0.9638001;70;0;0;343.16;17.2;6.399992;Normal;0.005221844;3.483937
SceneName;0.82;-0.37;0.40;-0.19;584;658;685;-0.7058;-0.03257847;-0.9638001;70;0;0;343.16;16.80001;6.000002;Normal;0.0174067;3.501343
SceneName;0.81;-0.38;0.40;-0.19;584;658;684;-0.7058;-0.03257847;-0.9638001;70;0;0;343.16;16.80001;6.399992;Normal;0.008978844;3.510322
SceneName;0.81;-0.40;0.39;-0.19;586;657;686;-0.7058;-0.03257847;-0.9638001;70;0;0;343.64;17.2;5.600012;Normal;0.009618759;3.519941
SceneName;0.80;-0.41;0.39;-0.19;587;657;686;-0.7058;-0.03257847;-0.9638001;70;0;0;343.88;17.2;5.600012;Normal;0.008846998;3.528788
SceneName;0.79;-0.43;0.39;-0.19;589;657;686;-0.7058;-0.03257847;-0.9638001;70;0;0;344.36;17.2;5.600012;Normal;0.004724264;3.533512
SceneName;0.79;-0.44;0.38;-0.19;589;658;688;-0.7058;-0.03257847;-0.9638001;70;0;0;344.36;16.80001;4.800006;Normal;0.01783586;3.551348
SceneName;0.79;-0.45;0.37;-0.20;591;658;691;-0.7058;-0.03257847;-0.9638001;70;0;0;344.84;16.80001;3.600011;Normal;0.01045227;3.5618
SceneName;0.78;-0.46;0.37;-0.20;593;657;691;-0.7058;-0.03257847;-0.9638001;70;0;0;345.32;17.2;3.600011;Normal;0.004297972;3.566098
SceneName;0.78;-0.47;0.37;-0.20;595;656;691;-0.7058;-0.03257847;-0.9638001;70;0;0;345.8;17.60001;3.600011;Normal;0.01559305;3.581692
SceneName;0.77;-0.48;0.37;-0.20;596;655;691;-0.7058;-0.03257847;-0.9638001;70;0;0;346.04;18;3.600011;Normal;0.004162073;3.585854
SceneName;0.77;-0.49;0.36;-0.20;597;657;693;-0.7058;-0.03257847;-0.9638001;70;0;0;346.28;17.2;2.800004;Normal;0.01557994;3.601434
SceneName;0.77;-0.50;0.35;-0.20;597;656;694;-0.7058;-0.03257847;-0.9638001;70;0;0;346.28;17.60001;2.400001;Normal;0.008950472;3.610384
SceneName;0.76;-0.51;0.34;-0.21;597;657;694;-0.7058;-0.03257847;-0.9638001;70;0;0;346.28;17.2;2.400001;Normal;0.00928092;3.619665
SceneName;0.76;-0.52;0.34;-0.21;598;657;694;-0.7058;-0.03257847;-0.9638001;70;0;0;346.52;17.2;2.400001;Normal;0.009293318;3.628958
SceneName;0.75;-0.53;0.33;-0.21;598;656;694;-0.7058;-0.03257847;-0.9638001;70;0;0;346.52;17.60001;2.400001;Normal;0.004549503;3.633508
SceneName;0.74;-0.54;0.33;-0.22;597;655;692;-0.7058;-0.03257847;-0.9638001;70;0;0;346.28;18;3.199993;Normal;0.01797581;3.651484
SceneName;0.73;-0.55;0.32;-0.22;598;656;691;-0.7058;-0.03257847;-0.9638001;70;0;0;346.52;17.60001;3.600011;Normal;0.009676218;3.66116
SceneName;0.73;-0.56;0.32;-0.23;598;653;690;-0.7058;-0.03257847;-0.9638001;70;0;0;346.52;18.80001;4;Normal;0.004156113;3.665316
SceneName;0.72;-0.57;0.32;-0.23;597;655;691;-0.7058;-0.03257847;-0.9638001;70;0;0;346.28;18;3.600011;Normal;0.01614189;3.681458
SceneName;0.71;-0.58;0.32;-0.23;598;654;693;-0.7058;-0.03257847;-0.9638001;70;0;0;346.52;18.39999;2.800004;Normal;0.009061098;3.690519
SceneName;0.70;-0.59;0.32;-0.24;598;654;693;-0.7058;-0.03257847;-0.9638001;70;0;0;346.52;18.39999;2.800004;Normal;0.009155512;3.699674
SceneName;0.70;-0.60;0.31;-0.24;598;653;693;-0.7058;-0.03257847;-0.9638001;70;0;0;346.52;18.80001;2.800004;Normal;0.009258986;3.708933
SceneName;0.69;-0.61;0.31;-0.24;599;653;691;-0.7058;-0.03257847;-0.9638001;70;0;0;346.76;18.80001;3.600011;Normal;0.004646301;3.71358
SceneName;0.68;-0.62;0.30;-0.24;598;653;691;-0.7058;-0.03257847;-0.9638001;70;0;0;346.52;18.80001;3.600011;Normal;0.01869059;3.73227
SceneName;0.68;-0.63;0.30;-0.24;597;653;691;-0.7058;-0.03257847;-0.9638001;70;0;0;346.28;18.80001;3.600011;Normal;0.008174181;3.740444
SceneName;0.67;-0.63;0.29;-0.25;598;653;689;-0.7058;-0.03257847;-0.9638001;70;0;0;346.52;18.80001;4.39999;Normal;0.00411725;3.744562
SceneName;0.67;-0.64;0.29;-0.25;598;653;689;-0.7058;-0.03257847;-0.9638001;70;0;0;346.52;18.80001;4.39999;Normal;0.01707506;3.761637
SceneName;0.66;-0.65;0.29;-0.24;598;653;689;-0.7058;-0.03257847;-0.9638001;70;0;0;346.52;18.80001;4.39999;Normal;0.005500555;3.767137
SceneName;0.66;-0.66;0.29;-0.24;597;652;688;-0.7058;-0.03257847;-0.9638001;70;0;0;346.28;19.2;4.800006;Normal;0.01495695;3.782094
SceneName;0.65;-0.66;0.29;-0.24;599;652;689;-0.7058;-0.03257847;-0.9638001;70;0;0;346.76;19.2;4.39999;Normal;0.008181572;3.790276
SceneName;0.65;-0.67;0.29;-0.24;597;651;690;-0.7058;-0.03257847;-0.9638001;70;0;0;346.28;19.6;4;Normal;0.003695726;3.793972
SceneName;0.64;-0.67;0.28;-0.23;599;650;692;-0.7058;-0.03257847;-0.9638001;70;0;0;346.76;20.00001;3.199993;Normal;0.01751542;3.811487
SceneName;0.64;-0.68;0.28;-0.23;598;650;692;-0.7058;-0.03257847;-0.9638001;70;0;0;346.52;20.00001;3.199993;Normal;0.009075403;3.820562
SceneName;0.63;-0.68;0.28;-0.23;599;649;690;-0.7058;-0.03257847;-0.9638001;70;0;0;346.76;20.39999;4;Normal;0.009377956;3.82994
SceneName;0.63;-0.69;0.28;-0.23;599;649;689;-0.7058;-0.03257847;-0.9638001;70;0;0;346.76;20.39999;4.39999;Normal;0.009433746;3.839374
SceneName;0.63;-0.69;0.27;-0.23;599;650;688;-0.7058;-0.03257847;-0.9638001;70;0;0;346.76;20.00001;4.800006;Normal;0.004192591;3.843567
SceneName;0.62;-0.70;0.27;-0.22;599;649;687;-0.7058;-0.03257847;-0.9638001;70;0;0;346.76;20.39999;5.199996;Normal;0.01763606;3.861203
SceneName;0.62;-0.70;0.27;-0.22;599;649;687;-0.7058;-0.03257847;-0.9638001;70;0;0;346.76;20.39999;5.199996;Normal;0.008772135;3.869975
SceneName;0.62;-0.71;0.27;-0.22;599;649;688;-0.7058;-0.03257847;-0.9638001;70;0;0;346.76;20.39999;4.800006;Normal;0.003996372;3.873971
SceneName;0.62;-0.71;0.27;-0.21;599;648;687;-0.7058;-0.03257847;-0.9638001;70;0;0;346.76;20.80001;5.199996;Normal;0.0176177;3.891589
SceneName;0.61;-0.71;0.27;-0.21;598;650;688;-0.7058;-0.03257847;-0.9638001;70;0;0;346.52;20.00001;4.800006;Normal;0.008699894;3.900289
SceneName;0.61;-0.72;0.27;-0.21;599;649;687;-0.7058;-0.03257847;-0.9638001;70;0;0;346.76;20.39999;5.199996;Normal;0.004166365;3.904455
SceneName;0.61;-0.72;0.27;-0.21;599;649;687;-0.7058;-0.03257847;-0.9638001;70;0;0;346.76;20.39999;5.199996;Normal;0.01693726;3.921392
SceneName;0.61;-0.72;0.26;-0.21;597;648;687;-0.7058;-0.03257847;-0.9638001;70;0;0;346.28;20.80001;5.199996;Normal;0.009157896;3.93055
SceneName;0.60;-0.72;0.26;-0.20;599;649;687;-0.7058;-0.03257847;-0.9638001;70;0;0;346.76;20.39999;5.199996;Normal;0.009137392;3.939688
SceneName;0.60;-0.73;0.26;-0.20;599;648;686;-0.7058;-0.03257847;-0.9638001;70;0;0;346.76;20.80001;5.600012;Normal;0.009642124;3.94933
SceneName;0.60;-0.73;0.26;-0.20;598;648;686;-0.7058;-0.03257847;-0.9638001;70;0;0;346.52;20.80001;5.600012;Normal;0.004265547;3.953595
SceneName;0.60;-0.73;0.26;-0.20;597;648;686;-0.7058;-0.03257847;-0.9638001;70;0;0;346.28;20.80001;5.600012;Normal;0.01797438;3.97157
SceneName;0.60;-0.73;0.26;-0.20;597;648;686;-0.7058;-0.03257847;-0.9638001;70;0;0;346.28;20.80001;5.600012;Normal;0.009671688;3.981241
SceneName;0.60;-0.73;0.26;-0.20;598;647;686;-0.7058;-0.03257847;-0.9638001;70;0;0;346.52;21.2;5.600012;Normal;0.008460522;3.989702
SceneName;0.60;-0.73;0.26;-0.20;598;647;686;-0.7058;-0.03257847;-0.9638001;70;0;0;346.52;21.2;5.600012;Normal;0.009133101;3.998835
SceneName;0.60;-0.73;0.26;-0.20;598;647;685;-0.7058;-0.03257847;-0.9638001;70;0;0;346.52;21.2;6.000002;Normal;0.004796028;4.003631
SceneName;0.60;-0.73;0.26;-0.20;598;647;685;-0.7058;-0.03257847;-0.9638001;70;0;0;346.52;21.2;6.000002;Normal;0.01837349;4.022005
SceneName;0.60;-0.73;0.26;-0.20;598;648;685;-0.7058;-0.03257847;-0.9638001;70;0;0;346.52;20.80001;6.000002;Normal;0.008800983;4.030806
SceneName;0.60;-0.73;0.26;-0.20;598;647;684;-0.7058;-0.03257847;-0.9638001;70;0;0;346.52;21.2;6.399992;Normal;0.009016037;4.039822
SceneName;0.61;-0.72;0.26;-0.20;598;647;685;-0.7058;-0.03257847;-0.9638001;70;0;0;346.52;21.2;6.000002;Normal;0.00925827;4.04908
SceneName;0.61;-0.72;0.26;-0.20;597;647;685;-0.7058;-0.03257847;-0.9638001;70;0;0;346.28;21.2;6.000002;Normal;0.004658222;4.053738
SceneName;0.61;-0.72;0.26;-0.20;597;647;684;-0.7058;-0.03257847;-0.9638001;70;0;0;346.28;21.2;6.399992;Normal;0.01766586;4.071404
SceneName;0.61;-0.72;0.26;-0.20;597;647;684;-0.7058;-0.03257847;-0.9638001;70;0;0;346.28;21.2;6.399992;Normal;0.009008884;4.080413
SceneName;0.61;-0.72;0.26;-0.20;598;647;683;-0.7058;-0.03257847;-0.9638001;70;0;0;346.52;21.2;6.800008;Normal;0.009694099;4.090107
SceneName;0.61;-0.72;0.27;-0.20;597;647;683;-0.7058;-0.03257847;-0.9638001;70;0;0;346.28;21.2;6.800008;Normal;0.009120464;4.099227
SceneName;0.61;-0.72;0.27;-0.20;598;646;682;-0.7058;-0.03257847;-0.9638001;70;0;0;346.52;21.6;7.199998;Normal;0.00440836;4.103636
SceneName;0.61;-0.71;0.27;-0.20;598;646;682;-0.7058;-0.03257847;-0.9638001;70;0;0;346.52;21.6;7.199998;Normal;0.01819134;4.121827
SceneName;0.62;-0.71;0.27;-0.20;599;647;682;-0.7058;-0.03257847;-0.9638001;70;0;0;346.76;21.2;7.199998;Normal;0.004406452;4.126234
SceneName;0.62;-0.71;0.28;-0.20;598;647;681;-0.7058;-0.03257847;-0.9638001;70;0;0;346.52;21.2;7.600002;Normal;0.01597357;4.142207
SceneName;0.62;-0.71;0.28;-0.20;597;646;681;-0.7058;-0.03257847;-0.9638001;70;0;0;346.28;21.6;7.600002;Normal;0.008870602;4.151078
SceneName;0.62;-0.70;0.28;-0.20;597;646;681;-0.7058;-0.03257847;-0.9638001;70;0;0;346.28;21.6;7.600002;Normal;0.004118919;4.155197
SceneName;0.62;-0.70;0.29;-0.20;597;646;682;-0.7058;-0.03257847;-0.9638001;70;0;0;346.28;21.6;7.199998;Normal;0.01641369;4.17161
SceneName;0.62;-0.70;0.30;-0.20;597;646;681;-0.7058;-0.03257847;-0.9638001;70;0;0;346.28;21.6;7.600002;Normal;0.00528717;4.176898
SceneName;0.62;-0.70;0.30;-0.21;597;645;681;-0.7058;-0.03257847;-0.9638001;70;0;0;346.28;22.00001;7.600002;Normal;0.01515961;4.192057
SceneName;0.62;-0.69;0.30;-0.21;598;645;681;-0.7058;-0.03257847;-0.9638001;70;0;0;346.52;22.00001;7.600002;Normal;0.008536816;4.200594
SceneName;0.62;-0.69;0.31;-0.21;596;645;680;-0.7058;-0.03257847;-0.9638001;70;0;0;346.04;22.00001;8.000005;Normal;0.009438515;4.210032
SceneName;0.62;-0.69;0.32;-0.22;597;645;679;-0.7058;-0.03257847;-0.9638001;70;0;0;346.28;22.00001;8.399995;Normal;0.009095669;4.219128
SceneName;0.62;-0.68;0.32;-0.22;596;644;679;-0.7058;-0.03257847;-0.9638001;70;0;0;346.04;22.4;8.399995;Normal;0.004685879;4.223814
SceneName;0.62;-0.68;0.33;-0.23;595;645;678;-0.7058;-0.03257847;-0.9638001;70;0;0;345.8;22.00001;8.800011;Normal;0.01775026;4.241564
SceneName;0.61;-0.67;0.35;-0.23;596;644;677;-0.7058;-0.03257847;-0.9638001;70;0;0;346.04;22.4;9.200001;Normal;0.009064198;4.250628
SceneName;0.61;-0.66;0.36;-0.24;595;644;654;-0.7058;-0.03257847;-0.9638001;70;0;0;345.8;22.4;18.39999;Normal;0.003767014;4.254395
SceneName;0.61;-0.65;0.38;-0.25;596;645;642;-0.7058;-0.03257847;-0.9638001;70;0;0;346.04;22.00001;23.20001;Normal;0.01786852;4.272264
SceneName;0.60;-0.64;0.40;-0.25;594;644;639;-0.7058;-0.03257847;-0.9638001;70;0;0;345.56;22.4;24.4;Normal;0.008169174;4.280433
SceneName;0.59;-0.63;0.42;-0.26;594;644;636;-0.7058;-0.03257847;-0.9638001;70;0;0;345.56;22.4;25.60001;Normal;0.009675503;4.290109
SceneName;0.58;-0.62;0.45;-0.26;595;644;651;-0.7058;-0.03257847;-0.9638001;70;0;0;345.8;22.4;19.6;Normal;0.00950098;4.29961
SceneName;0.57;-0.61;0.47;-0.27;594;644;659;-0.7058;-0.03257847;-0.9638001;70;0;0;345.56;22.4;16.39999;Normal;0.004327774;4.303937
SceneName;0.56;-0.60;0.50;-0.28;594;644;655;-0.7058;-0.03257847;-0.9638001;70;0;0;345.56;22.4;18;Normal;0.0180459;4.321983
SceneName;0.54;-0.59;0.53;-0.29;594;644;675;-0.7058;-0.03257847;-0.9638001;70;0;0;345.56;22.4;10.00001;Normal;0.009427547;4.331411
SceneName;0.52;-0.57;0.56;-0.29;594;643;648;-0.7058;-0.03257847;-0.9638001;70;0;0;345.56;22.8;20.80001;Normal;0.004269123;4.33568
SceneName;0.50;-0.56;0.59;-0.30;594;644;673;-0.7058;-0.03257847;-0.9638001;70;0;0;345.56;22.4;10.8;Normal;0.01618195;4.351862
SceneName;0.47;-0.54;0.62;-0.31;593;643;671;-0.7058;-0.03257847;-0.9638001;70;0;0;345.32;22.8;11.60001;Normal;0.008606911;4.360469
SceneName;0.45;-0.52;0.65;-0.31;593;643;671;-0.7058;-0.03257847;-0.9638001;70;0;0;345.32;22.8;11.60001;Normal;0.0093503;4.369819
SceneName;0.42;-0.50;0.68;-0.31;593;643;671;-0.7058;-0.03257847;-0.9638001;70;0;0;345.32;22.8;11.60001;Normal;0.009587765;4.379407
SceneName;0.40;-0.49;0.71;-0.31;593;642;670;-0.7058;-0.03257847;-0.9638001;70;0;0;345.32;23.20001;12;Normal;0.01071882;4.390126
SceneName;0.37;-0.47;0.74;-0.31;594;642;670;-0.7058;-0.03257847;-0.9638001;70;0;0;345.56;23.20001;12;Normal;0.004336834;4.394463
SceneName;0.33;-0.45;0.77;-0.31;594;643;668;-0.7058;-0.03257847;-0.9638001;70;0;0;345.56;22.8;12.8;Normal;0.01830435;4.412767
SceneName;0.30;-0.43;0.79;-0.31;594;642;667;-0.7058;-0.03257847;-0.9638001;70;0;0;345.56;23.20001;13.20001;Normal;0.004242897;4.41701
SceneName;0.26;-0.41;0.82;-0.30;594;642;666;-0.7058;-0.03257847;-0.9638001;70;0;0;345.56;23.20001;13.60001;Normal;0.01508665;4.432096
SceneName;0.23;-0.39;0.84;-0.30;594;641;664;-0.7058;-0.03257847;-0.9638001;70;0;0;345.56;23.6;14.4;Normal;0.009281158;4.441378
SceneName;0.19;-0.38;0.86;-0.29;594;641;664;-0.7058;-0.03257847;-0.9638001;70;0;0;345.56;23.6;14.4;Normal;0.008743286;4.450121
SceneName;0.16;-0.36;0.87;-0.29;594;641;663;-0.7058;-0.03257847;-0.9638001;70;0;0;345.56;23.6;14.8;Normal;0.009087563;4.459208
SceneName;0.12;-0.34;0.89;-0.28;594;641;663;-0.7058;-0.03257847;-0.9638001;70;0;0;345.56;23.6;14.8;Normal;0.004888535;4.464097
SceneName;0.09;-0.32;0.90;-0.27;594;641;662;-0.7058;-0.03257847;-0.9638001;70;0;0;345.56;23.6;15.19999;Normal;0.0179038;4.482001
SceneName;0.05;-0.30;0.91;-0.27;594;641;661;-0.7058;-0.03257847;-0.9638001;70;0;0;345.56;23.6;15.60001;Normal;0.008895874;4.490897
SceneName;0.02;-0.29;0.92;-0.26;594;641;660;-0.7058;-0.03257847;-0.9638001;70;0;0;345.56;23.6;16;Normal;0.009159565;4.500056
SceneName;-0.00;-0.27;0.93;-0.25;595;641;659;-0.7058;-0.03257847;-0.9638001;70;0;0;345.8;23.6;16.39999;Normal;0.008848667;4.508905
SceneName;-0.03;-0.26;0.93;-0.24;595;640;658;-0.7058;-0.03257847;-0.9638001;70;0;0;345.8;24;16.80001;Normal;0.008760452;4.517665
SceneName;-0.04;-0.25;0.94;-0.24;596;640;657;-0.7058;-0.03257847;-0.9638001;70;0;0;346.04;24;17.2;Normal;0.009134769;4.5268
SceneName;-0.05;-0.25;0.94;-0.23;596;640;656;-0.7058;-0.03257847;-0.9638001;70;0;0;346.04;24;17.60001;Normal;0.009545326;4.536345
SceneName;-0.06;-0.24;0.94;-0.22;597;639;655;-0.7058;-0.03257847;-0.9638001;70;0;0;346.28;24.4;18;Normal;0.008279324;4.544625
SceneName;-0.07;-0.24;0.94;-0.22;597;639;655;-0.7058;-0.03257847;-0.9638001;70;0;0;346.28;24.4;18;Normal;0.0185647;4.56319
SceneName;-0.07;-0.23;0.95;-0.22;597;639;653;-0.7058;-0.03257847;-0.9638001;70;0;0;346.28;24.4;18.80001;Normal;0.007986546;4.571176
SceneName;-0.08;-0.23;0.95;-0.21;597;639;653;-0.7058;-0.03257847;-0.9638001;70;0;0;346.28;24.4;18.80001;Normal;0.008749962;4.579926
SceneName;-0.08;-0.23;0.95;-0.21;597;639;653;-0.7058;-0.03257847;-0.9638001;70;0;0;346.28;24.4;18.80001;Normal;0.009410858;4.589337
SceneName;-0.08;-0.23;0.95;-0.21;597;638;653;-0.7058;-0.03257847;-0.9638001;70;0;0;346.28;24.8;18.80001;Normal;0.008590698;4.597928
SceneName;-0.08;-0.23;0.95;-0.20;597;638;653;-0.7058;-0.03257847;-0.9638001;70;0;0;346.28;24.8;18.80001;Normal;0.009160519;4.607088
SceneName;-0.08;-0.22;0.95;-0.20;597;637;652;-0.7058;-0.03257847;-0.9638001;70;0;0;346.28;25.19999;19.2;Normal;0.008494377;4.615582
SceneName;-0.08;-0.22;0.95;-0.20;598;638;653;-0.7058;-0.03257847;-0.9638001;70;0;0;346.52;24.8;18.80001;Normal;0.009617805;4.6252
SceneName;-0.08;-0.22;0.95;-0.20;597;638;653;-0.7058;-0.03257847;-0.9638001;70;0;0;346.28;24.8;18.80001;Normal;0.01741219;4.642612
SceneName;-0.07;-0.22;0.95;-0.20;598;638;653;-0.7058;-0.03257847;-0.9638001;70;0;0;346.52;24.8;18.80001;Normal;0.008350372;4.650963
SceneName;-0.06;-0.23;0.95;-0.20;599;637;654;-0.7058;-0.03257847;-0.9638001;70;0;0;346.76;25.19999;18.39999;Normal;0.009148121;4.660111
SceneName;-0.04;-0.23;0.95;-0.20;599;638;654;-0.7058;-0.03257847;-0.9638001;70;0;0;346.76;24.8;18.39999;Normal;0.008674145;4.668785
SceneName;-0.02;-0.24;0.95;-0.20;600;638;654;-0.7058;-0.03257847;-0.9638001;70;0;0;347;24.8;18.39999;Normal;0.009171009;4.677956
SceneName;0.01;-0.25;0.95;-0.19;598;637;654;-0.7058;-0.03257847;-0.9638001;70;0;0;346.52;25.19999;18.39999;Normal;0.006215096;4.684171
SceneName;0.04;-0.26;0.94;-0.19;599;637;653;-0.7058;-0.03257847;-0.9638001;70;0;0;346.76;25.19999;18.80001;Normal;0.01732779;4.701499
SceneName;0.07;-0.28;0.94;-0.19;599;637;653;-0.7058;-0.03257847;-0.9638001;70;0;0;346.76;25.19999;18.80001;Normal;0.00440073;4.7059
SceneName;0.10;-0.29;0.94;-0.18;600;638;653;-0.7058;-0.03257847;-0.9638001;70;0;0;347;24.8;18.80001;Normal;0.01605082;4.721951
SceneName;0.13;-0.30;0.93;-0.17;599;637;653;-0.7058;-0.03257847;-0.9638001;70;0;0;346.76;25.19999;18.80001;Normal;0.008905411;4.730856
SceneName;0.17;-0.31;0.92;-0.17;599;637;654;-0.7058;-0.03257847;-0.9638001;70;0;0;346.76;25.19999;18.39999;Normal;0.009624481;4.74048
SceneName;0.21;-0.32;0.91;-0.16;599;637;656;-0.7058;-0.03257847;-0.9638001;70;0;0;346.76;25.19999;17.60001;Normal;0.008901596;4.749382
SceneName;0.25;-0.33;0.90;-0.16;600;638;658;-0.7058;-0.03257847;-0.9638001;70;0;0;347;24.8;16.80001;Normal;0.004599571;4.753982
SceneName;0.29;-0.35;0.88;-0.15;600;638;661;-0.7058;-0.03257847;-0.9638001;70;0;0;347;24.8;15.60001;Normal;0.01858282;4.772564
SceneName;0.34;-0.37;0.85;-0.14;599;638;663;-0.7058;-0.03257847;-0.9638001;70;0;0;346.76;24.8;14.8;Normal;0.008558273;4.781123
SceneName;0.39;-0.39;0.82;-0.13;600;638;663;-0.7058;-0.03257847;-0.9638001;70;0;0;347;24.8;14.8;Normal;0.00525713;4.78638
SceneName;0.43;-0.41;0.79;-0.13;599;638;662;-0.7058;-0.03257847;-0.9638001;70;0;0;346.76;24.8;15.19999;Normal;0.01620913;4.802589
SceneName;0.48;-0.43;0.76;-0.12;599;638;659;-0.7058;-0.03257847;-0.9638001;70;0;0;346.76;24.8;16.39999;Normal;0.008209705;4.810799
SceneName;0.51;-0.45;0.72;-0.11;598;638;658;-0.7058;-0.03257847;-0.9638001;70;0;0;346.52;24.8;16.80001;Normal;0.003888607;4.814687
SceneName;0.55;-0.46;0.69;-0.10;598;637;656;-0.7058;-0.03257847;-0.9638001;70;0;0;346.52;25.19999;17.60001;Normal;0.01725769;4.831945
SceneName;0.58;-0.47;0.66;-0.09;598;636;655;-0.7058;-0.03257847;-0.9638001;70;0;0;346.52;25.60001;18;Normal;0.009405613;4.841351
SceneName;0.61;-0.48;0.63;-0.08;596;636;655;-0.7058;-0.03257847;-0.9638001;70;0;0;346.04;25.60001;18;Normal;0.008957386;4.850308
SceneName;0.63;-0.48;0.60;-0.07;596;636;656;-0.7058;-0.03257847;-0.9638001;70;0;0;346.04;25.60001;17.60001;Normal;0.008886337;4.859194
SceneName;0.66;-0.49;0.57;-0.06;596;636;657;-0.7058;-0.03257847;-0.9638001;70;0;0;346.04;25.60001;17.2;Normal;0.00495863;4.864153
SceneName;0.68;-0.50;0.54;-0.06;595;636;658;-0.7058;-0.03257847;-0.9638001;70;0;0;345.8;25.60001;16.80001;Normal;0.01815271;4.882306
SceneName;0.70;-0.51;0.50;-0.05;594;636;659;-0.7058;-0.03257847;-0.9638001;70;0;0;345.56;25.60001;16.39999;Normal;0.004000664;4.886306
SceneName;0.72;-0.51;0.47;-0.04;594;635;658;-0.7058;-0.03257847;-0.9638001;70;0;0;345.56;26;16.80001;Normal;0.01570749;4.902014
SceneName;0.73;-0.52;0.45;-0.03;593;635;659;-0.7058;-0.03257847;-0.9638001;70;0;0;345.32;26;16.39999;Normal;0.00936985;4.911384
SceneName;0.74;-0.52;0.42;-0.02;592;635;659;-0.7058;-0.03257847;-0.9638001;70;0;0;345.08;26;16.39999;Normal;0.003923893;4.915308
SceneName;0.75;-0.52;0.40;-0.02;592;634;658;-0.7058;-0.03257847;-0.9638001;70;0;0;345.08;26.4;16.80001;Normal;0.0165267;4.931834
SceneName;0.76;-0.52;0.38;-0.01;591;634;657;-0.7058;-0.03257847;-0.9638001;70;0;0;344.84;26.4;17.2;Normal;0.009542942;4.941377
SceneName;0.77;-0.52;0.36;-0.01;591;633;658;-0.7058;-0.03257847;-0.9638001;70;0;0;344.84;26.8;16.80001;Normal;0.008693695;4.950071
SceneName;0.78;-0.52;0.35;-0.01;590;632;658;-0.7058;-0.03257847;-0.9638001;70;0;0;344.6;27.2;16.80001;Normal;0.009847164;4.959918
SceneName;0.79;-0.52;0.33;-0.01;590;633;658;-0.7058;-0.03257847;-0.9638001;70;0;0;344.6;26.8;16.80001;Normal;0.003946304;4.963864
SceneName;0.80;-0.51;0.32;-0.01;589;632;658;-0.7058;-0.03257847;-0.9638001;70;0;0;344.36;27.2;16.80001;Normal;0.01816893;4.982033
SceneName;0.80;-0.51;0.31;-0.01;589;632;659;-0.7058;-0.03257847;-0.9638001;70;0;0;344.36;27.2;16.39999;Normal;0.01028633;4.99232
SceneName;0.81;-0.50;0.31;-0.01;588;631;659;-0.7058;-0.03257847;-0.9638001;70;0;0;344.12;27.60001;16.39999;Normal;0.008287907;5.000607
SceneName;0.82;-0.49;0.30;-0.01;588;631;661;-0.7058;-0.03257847;-0.9638001;70;0;0;344.12;27.60001;15.60001;Normal;0.008852482;5.00946
SceneName;0.82;-0.48;0.29;-0.01;587;631;664;-0.7058;-0.03257847;-0.9638001;70;0;0;343.88;27.60001;14.4;Normal;0.009073734;5.018534
SceneName;0.83;-0.48;0.29;-0.02;586;631;666;-0.7058;-0.03257847;-0.9638001;70;0;0;343.64;27.60001;13.60001;Normal;0.005701542;5.024235
SceneName;0.84;-0.47;0.28;-0.02;586;632;669;-0.7058;-0.03257847;-0.9638001;70;0;0;343.64;27.2;12.4;Normal;0.0178318;5.042067
SceneName;0.85;-0.46;0.27;-0.03;585;632;670;-0.7058;-0.03257847;-0.9638001;70;0;0;343.4;27.2;12;Normal;0.008749008;5.050816
SceneName;0.85;-0.45;0.27;-0.03;585;632;670;-0.7058;-0.03257847;-0.9638001;70;0;0;343.4;27.2;12;Normal;0.009449959;5.060266
SceneName;0.86;-0.44;0.26;-0.03;585;632;670;-0.7058;-0.03257847;-0.9638001;70;0;0;343.4;27.2;12;Normal;0.009138584;5.069405
SceneName;0.86;-0.43;0.26;-0.03;585;631;670;-0.7058;-0.03257847;-0.9638001;70;0;0;343.4;27.60001;12;Normal;0.004906654;5.074311
SceneName;0.87;-0.42;0.26;-0.03;585;631;670;-0.7058;-0.03257847;-0.9638001;70;0;0;343.4;27.60001;12;Normal;0.01794624;5.092257
SceneName;0.88;-0.41;0.25;-0.03;585;631;669;-0.7058;-0.03257847;-0.9638001;70;0;0;343.4;27.60001;12.4;Normal;0.008669853;5.100927
SceneName;0.88;-0.40;0.25;-0.03;586;631;669;-0.7058;-0.03257847;-0.9638001;70;0;0;343.64;27.60001;12.4;Normal;0.009614944;5.110542
SceneName;0.89;-0.38;0.25;-0.03;586;631;669;-0.7058;-0.03257847;-0.9638001;70;0;0;343.64;27.60001;12.4;Normal;0.009390354;5.119933
SceneName;0.90;-0.37;0.24;-0.02;586;632;670;-0.7058;-0.03257847;-0.9638001;70;0;0;343.64;27.2;12;Normal;0.004373074;5.124306
SceneName;0.90;-0.36;0.24;-0.02;586;632;671;-0.7058;-0.03257847;-0.9638001;70;0;0;343.64;27.2;11.60001;Normal;0.01807451;5.14238
SceneName;0.91;-0.35;0.25;-0.01;587;633;673;-0.7058;-0.03257847;-0.9638001;70;0;0;343.88;26.8;10.8;Normal;0.00925827;5.151639
SceneName;0.91;-0.33;0.25;-0.01;588;634;674;-0.7058;-0.03257847;-0.9638001;70;0;0;344.12;26.4;10.4;Normal;0.003939152;5.155578
SceneName;0.91;-0.32;0.25;-0.00;589;635;676;-0.7058;-0.03257847;-0.9638001;70;0;0;344.36;26;9.600003;Normal;0.01648188;5.17206
SceneName;0.92;-0.30;0.26;0.00;591;634;677;-0.7058;-0.03257847;-0.9638001;70;0;0;344.84;26.4;9.200001;Normal;0.00429678;5.176356
SceneName;0.92;-0.29;0.26;0.01;592;635;676;-0.7058;-0.03257847;-0.9638001;70;0;0;345.08;26;9.600003;Normal;0.008103371;5.18446
SceneName;0.93;-0.27;0.26;0.01;593;635;677;-0.7058;-0.03257847;-0.9638001;70;0;0;345.32;26;9.200001;Normal;0.01112366;5.195583
SceneName;0.93;-0.25;0.27;0.02;598;637;678;-0.7058;-0.03257847;-0.9638001;70;0;0;346.52;25.19999;8.800011;Normal;0.008876801;5.20446
SceneName;0.94;-0.23;0.26;0.03;603;637;669;-0.7058;-0.03257847;-0.9638001;70;0;0;347.72;25.19999;12.4;Normal;0.0104866;5.214947
SceneName;0.95;-0.21;0.24;0.04;611;635;660;-0.7058;-0.03257847;-0.9638001;70;0;0;349.64;26;16;Normal;0.009552002;5.224499
SceneName;0.95;-0.20;0.21;0.05;621;636;653;-0.7058;-0.03257847;-0.9638001;70;0;0;352.04;25.60001;18.80001;Normal;0.00970459;5.234203
SceneName;0.96;-0.19;0.19;0.06;629;638;651;-0.7058;-0.03257847;-0.9638001;70;0;0;353.96;24.8;19.6;Normal;0.0103693;5.244573
SceneName;0.97;-0.19;0.17;0.06;635;636;650;-0.7058;-0.03257847;-0.9638001;70;0;0;355.4;25.60001;20.00001;Normal;0.009932518;5.254505
SceneName;0.97;-0.18;0.17;0.06;640;636;650;-0.7058;-0.03257847;-0.9638001;70;0;0;356.6;25.60001;20.00001;Normal;0.00983572;5.264341
SceneName;0.97;-0.18;0.17;0.06;641;636;651;-0.7058;-0.03257847;-0.9638001;70;0;0;356.84;25.60001;19.6;Normal;0.0183177;5.282659
SceneName;0.97;-0.18;0.17;0.06;642;637;651;-0.7058;-0.03257847;-0.9638001;70;0;0;357.08;25.19999;19.6;Normal;0.003834724;5.286493
SceneName;0.97;-0.18;0.17;0.06;642;636;650;-0.7058;-0.03257847;-0.9638001;70;0;0;357.08;25.60001;20.00001;Normal;0.007736206;5.29423
SceneName;0.97;-0.18;0.17;0.06;643;636;650;-0.7058;-0.03257847;-0.9638001;70;0;0;357.32;25.60001;20.00001;Normal;0.01016855;5.304398
SceneName;0.97;-0.18;0.18;0.06;643;636;649;-0.7058;-0.03257847;-0.9638001;70;0;0;357.32;25.60001;20.39999;Normal;0.01032257;5.314721
SceneName;0.96;-0.17;0.19;0.06;644;636;650;-0.7058;-0.03257847;-0.9638001;70;0;0;357.56;25.60001;20.00001;Normal;0.01015806;5.324879
SceneName;0.96;-0.17;0.19;0.06;645;636;650;-0.7058;-0.03257847;-0.9638001;70;0;0;357.8;25.60001;20.00001;Normal;0.009400845;5.33428
SceneName;0.96;-0.18;0.20;0.06;645;636;650;-0.7058;-0.03257847;-0.9638001;70;0;0;357.8;25.60001;20.00001;Normal;0.01808548;5.352365
SceneName;0.96;-0.18;0.20;0.06;646;635;649;-0.7058;-0.03257847;-0.9638001;70;0;0;358.04;26;20.39999;Normal;0.004198551;5.356564
SceneName;0.96;-0.18;0.20;0.06;646;636;650;-0.7058;-0.03257847;-0.9638001;70;0;0;358.04;25.60001;20.00001;Normal;0.007857323;5.364421
SceneName;0.96;-0.17;0.20;0.06;646;636;650;-0.7058;-0.03257847;-0.9638001;70;0;0;358.04;25.60001;20.00001;Normal;0.01004457;5.374465
SceneName;0.96;-0.17;0.20;0.06;646;636;650;-0.7058;-0.03257847;-0.9638001;70;0;0;358.04;25.60001;20.00001;Normal;0.009516239;5.383982
SceneName;0.96;-0.17;0.20;0.06;646;636;649;-0.7058;-0.03257847;-0.9638001;70;0;0;358.04;25.60001;20.39999;Normal;0.02318859;5.40717
SceneName;0.96;-0.17;0.19;0.06;646;635;649;-0.7058;-0.03257847;-0.9638001;70;0;0;358.04;26;20.39999;Normal;0.006567001;5.413737
SceneName;0.96;-0.17;0.19;0.06;646;635;650;-0.7058;-0.03257847;-0.9638001;70;0;0;358.04;26;20.00001;Normal;0.004631042;5.418368
SceneName;0.96;-0.17;0.19;0.06;646;635;650;-0.7058;-0.03257847;-0.9638001;70;0;0;358.04;26;20.00001;Normal;0.006550789;5.424919
SceneName;0.97;-0.17;0.19;0.06;646;636;650;-0.7058;-0.03257847;-0.9638001;70;0;0;358.04;25.60001;20.00001;Normal;0.01036787;5.435287
SceneName;0.97;-0.16;0.19;0.06;646;635;650;-0.7058;-0.03257847;-0.9638001;70;0;0;358.04;26;20.00001;Normal;0.009844303;5.445131
SceneName;0.97;-0.16;0.19;0.06;646;635;649;-0.7058;-0.03257847;-0.9638001;70;0;0;358.04;26;20.39999;Normal;0.01780701;5.462938
SceneName;0.97;-0.16;0.19;0.06;646;635;649;-0.7058;-0.03257847;-0.9638001;70;0;0;358.04;26;20.39999;Normal;0.004477501;5.467416
SceneName;0.97;-0.16;0.19;0.06;646;635;649;-0.7058;-0.03257847;-0.9638001;70;0;0;358.04;26;20.39999;Normal;0.007680416;5.475096
SceneName;0.97;-0.16;0.19;0.06;646;635;649;-0.7058;-0.03257847;-0.9638001;70;0;0;358.04;26;20.39999;Normal;0.009811401;5.484908
SceneName;0.97;-0.16;0.19;0.06;646;636;649;-0.7058;-0.03257847;-0.9638001;70;0;0;358.04;25.60001;20.39999;Normal;0.01229906;5.497207
SceneName;0.97;-0.16;0.19;0.06;646;635;649;-0.7058;-0.03257847;-0.9638001;70;0;0;358.04;26;20.39999;Normal;0.01037264;5.507579
SceneName;0.97;-0.16;0.18;0.06;646;635;649;-0.7058;-0.03257847;-0.9638001;70;0;0;358.04;26;20.39999;Normal;0.008252621;5.515832
SceneName;0.97;-0.16;0.18;0.06;646;635;649;-0.7058;-0.03257847;-0.9638001;70;0;0;358.04;26;20.39999;Normal;0.008692741;5.524525
SceneName;0.97;-0.15;0.18;0.06;645;635;650;-0.7058;-0.03257847;-0.9638001;70;0;0;357.8;26;20.00001;Normal;0.01016283;5.534688
SceneName;0.97;-0.15;0.18;0.06;645;635;649;-0.7058;-0.03257847;-0.9638001;70;0;0;357.8;26;20.39999;Normal;0.01849174;5.553179
SceneName;0.97;-0.15;0.18;0.06;645;635;649;-0.7058;-0.03257847;-0.9638001;70;0;0;357.8;26;20.39999;Normal;0.004561901;5.557741
SceneName;0.97;-0.15;0.18;0.06;645;636;649;-0.7058;-0.03257847;-0.9638001;70;0;0;357.8;25.60001;20.39999;Normal;0.01602459;5.573766
SceneName;0.97;-0.15;0.18;0.06;645;635;649;-0.7058;-0.03257847;-0.9638001;70;0;0;357.8;26;20.39999;Normal;0.0042243;5.57799
SceneName;0.97;-0.15;0.18;0.07;645;635;649;-0.7058;-0.03257847;-0.9638001;70;0;0;357.8;26;20.39999;Normal;0.007125854;5.585116
SceneName;0.97;-0.15;0.18;0.07;645;635;649;-0.7058;-0.03257847;-0.9638001;70;0;0;357.8;26;20.39999;Normal;0.00945282;5.594569
SceneName;0.97;-0.15;0.18;0.07;645;635;649;-0.7058;-0.03257847;-0.9638001;70;0;0;357.8;26;20.39999;Normal;0.01822424;5.612793
SceneName;0.97;-0.15;0.18;0.07;645;635;649;-0.7058;-0.03257847;-0.9638001;70;0;0;357.8;26;20.39999;Normal;0.01013565;5.622929
SceneName;0.97;-0.15;0.18;0.07;645;635;649;-0.7058;-0.03257847;-0.9638001;70;0;0;357.8;26;20.39999;Normal;0.00427103;5.6272
SceneName;0.97;-0.14;0.17;0.07;645;635;649;-0.7058;-0.03257847;-0.9638001;70;0;0;357.8;26;20.39999;Normal;0.008510113;5.63571
SceneName;0.97;-0.14;0.17;0.07;645;635;649;-0.7058;-0.03257847;-0.9638001;70;0;0;357.8;26;20.39999;Normal;0.008796215;5.644506
SceneName;0.97;-0.14;0.17;0.07;644;635;649;-0.7058;-0.03257847;-0.9638001;70;0;0;357.56;26;20.39999;Normal;0.01022196;5.654728
SceneName;0.97;-0.14;0.17;0.07;644;636;649;-0.7058;-0.03257847;-0.9638001;70;0;0;357.56;25.60001;20.39999;Normal;0.01005268;5.664781
SceneName;0.97;-0.14;0.17;0.07;644;635;649;-0.7058;-0.03257847;-0.9638001;70;0;0;357.56;26;20.39999;Normal;0.01802349;5.682804
SceneName;0.97;-0.14;0.17;0.07;644;635;649;-0.7058;-0.03257847;-0.9638001;70;0;0;357.56;26;20.39999;Normal;0.004107475;5.686912
SceneName;0.97;-0.14;0.17;0.07;644;635;649;-0.7058;-0.03257847;-0.9638001;70;0;0;357.56;26;20.39999;Normal;0.007739067;5.694651
SceneName;0.97;-0.14;0.17;0.07;645;635;649;-0.7058;-0.03257847;-0.9638001;70;0;0;357.8;26;20.39999;Normal;0.01038408;5.705035
SceneName;0.97;-0.14;0.17;0.07;644;635;649;-0.7058;-0.03257847;-0.9638001;70;0;0;357.56;26;20.39999;Normal;0.01808882;5.723124
SceneName;0.97;-0.14;0.17;0.07;644;635;649;-0.7058;-0.03257847;-0.9638001;70;0;0;357.56;26;20.39999;Normal;0.008508682;5.731632
SceneName;0.97;-0.13;0.17;0.07;644;635;649;-0.7058;-0.03257847;-0.9638001;70;0;0;357.56;26;20.39999;Normal;0.003798008;5.73543
SceneName;0.97;-0.13;0.17;0.07;645;635;649;-0.7058;-0.03257847;-0.9638001;70;0;0;357.8;26;20.39999;Normal;0.009446144;5.744876
SceneName;0.98;-0.13;0.16;0.07;644;635;649;-0.7058;-0.03257847;-0.9638001;70;0;0;357.56;26;20.39999;Normal;0.009647369;5.754524
SceneName;0.98;-0.13;0.16;0.07;644;635;649;-0.7058;-0.03257847;-0.9638001;70;0;0;357.56;26;20.39999;Normal;0.009992599;5.764516
SceneName;0.98;-0.13;0.16;0.07;644;635;649;-0.7058;-0.03257847;-0.9638001;70;0;0;357.56;26;20.39999;Normal;0.009980202;5.774497
SceneName;0.98;-0.13;0.16;0.07;644;635;649;-0.7058;-0.03257847;-0.9638001;70;0;0;357.56;26;20.39999;Normal;0.01009035;5.784587
SceneName;0.98;-0.13;0.16;0.07;644;635;649;-0.7058;-0.03257847;-0.9638001;70;0;0;357.56;26;20.39999;Normal;0.009835243;5.794422
SceneName;0.98;-0.13;0.16;0.07;645;635;649;-0.7058;-0.03257847;-0.9638001;70;0;0;357.8;26;20.39999;Normal;0.01029062;5.804713
SceneName;0.98;-0.13;0.16;0.07;644;635;649;-0.7058;-0.03257847;-0.9638001;70;0;0;357.56;26;20.39999;Normal;0.009963512;5.814676
SceneName;0.98;-0.13;0.16;0.07;644;635;648;-0.7058;-0.03257847;-0.9638001;70;0;0;357.56;26;20.80001;Normal;0.01099968;5.825676
SceneName;0.98;-0.13;0.16;0.07;644;635;649;-0.7058;-0.03257847;-0.9638001;70;0;0;357.56;26;20.39999;Normal;0.009840488;5.835516
SceneName;0.98;-0.13;0.16;0.07;644;635;649;-0.7058;-0.03257847;-0.9638001;70;0;0;357.56;26;20.39999;Normal;0.009656906;5.845173
SceneName;0.98;-0.12;0.16;0.07;644;635;649;-0.7058;-0.03257847;-0.9638001;70;0;0;357.56;26;20.39999;Normal;0.009798527;5.854972
SceneName;0.98;-0.12;0.16;0.07;644;635;649;-0.7058;-0.03257847;-0.9638001;70;0;0;357.56;26;20.39999;Normal;0.01818323;5.873155
SceneName;0.98;-0.12;0.16;0.07;644;635;649;-0.7058;-0.03257847;-0.9638001;70;0;0;357.56;26;20.39999;Normal;0.003746033;5.876901
SceneName;0.98;-0.12;0.15;0.07;644;635;649;-0.7058;-0.03257847;-0.9638001;70;0;0;357.56;26;20.39999;Normal;0.008235931;5.885137
SceneName;0.98;-0.12;0.15;0.07;644;635;649;-0.7058;-0.03257847;-0.9638001;70;0;0;357.56;26;20.39999;Normal;0.009608746;5.894746
SceneName;0.98;-0.12;0.15;0.07;644;635;648;-0.7058;-0.03257847;-0.9638001;70;0;0;357.56;26;20.80001;Normal;0.01033831;5.905084
SceneName;0.98;-0.12;0.15;0.07;644;635;649;-0.7058;-0.03257847;-0.9638001;70;0;0;357.56;26;20.39999;Normal;0.01857901;5.923663
SceneName;0.98;-0.12;0.15;0.07;644;635;649;-0.7058;-0.03257847;-0.9638001;70;0;0;357.56;26;20.39999;Normal;0.004248142;5.927911
SceneName;0.98;-0.12;0.15;0.07;644;635;649;-0.7058;-0.03257847;-0.9638001;70;0;0;357.56;26;20.39999;Normal;0.006690502;5.934602
SceneName;0.98;-0.12;0.15;0.07;644;635;649;-0.7058;-0.03257847;-0.9638001;70;0;0;357.56;26;20.39999;Normal;0.01108837;5.94569
SceneName;0.98;-0.12;0.15;0.07;644;635;649;-0.7058;-0.03257847;-0.9638001;70;0;0;357.56;26;20.39999;Normal;0.0109601;5.95665
SceneName;0.98;-0.12;0.15;0.07;644;635;649;-0.7058;-0.03257847;-0.9638001;70;0;0;357.56;26;20.39999;Normal;0.01713228;5.973783
SceneName;0.98;-0.11;0.15;0.07;644;635;649;-0.7058;-0.03257847;-0.9638001;70;0;0;357.56;26;20.39999;Normal;0.004618645;5.978401
SceneName;0.98;-0.11;0.15;0.07;644;635;649;-0.7058;-0.03257847;-0.9638001;70;0;0;357.56;26;20.39999;Normal;0.006442547;5.984844
SceneName;0.98;-0.11;0.15;0.07;644;635;648;-0.7058;-0.03257847;-0.9638001;70;0;0;357.56;26;20.80001;Normal;0.0100708;5.994915
SceneName;0.98;-0.11;0.15;0.07;643;635;649;-0.7058;-0.03257847;-0.9638001;70;0;0;357.32;26;20.39999;Normal;0.01060772;6.005522
SceneName;0.98;-0.11;0.15;0.07;644;635;649;-0.7058;-0.03257847;-0.9638001;70;0;0;357.56;26;20.39999;Normal;0.01681662;6.022339
SceneName;0.98;-0.11;0.14;0.07;644;635;649;-0.7058;-0.03257847;-0.9638001;70;0;0;357.56;26;20.39999;Normal;0.006878376;6.029217
SceneName;0.98;-0.11;0.14;0.07;644;635;649;-0.7058;-0.03257847;-0.9638001;70;0;0;357.56;26;20.39999;Normal;0.006329536;6.035547
SceneName;0.98;-0.11;0.14;0.07;644;635;649;-0.7058;-0.03257847;-0.9638001;70;0;0;357.56;26;20.39999;Normal;0.009597778;6.045145
SceneName;0.98;-0.11;0.14;0.07;643;635;649;-0.7058;-0.03257847;-0.9638001;70;0;0;357.32;26;20.39999;Normal;0.00961256;6.054757
SceneName;0.98;-0.11;0.14;0.07;644;635;649;-0.7058;-0.03257847;-0.9638001;70;0;0;357.56;26;20.39999;Normal;0.00988102;6.064638
SceneName;0.98;-0.11;0.14;0.07;644;635;649;-0.7058;-0.03257847;-0.9638001;70;0;0;357.56;26;20.39999;Normal;0.009887695;6.074526
SceneName;0.98;-0.11;0.14;0.07;644;635;649;-0.7058;-0.03257847;-0.9638001;70;0;0;357.56;26;20.39999;Normal;0.009780407;6.084306
SceneName;0.98;-0.11;0.14;0.07;644;635;648;-0.7058;-0.03257847;-0.9638001;70;0;0;357.56;26;20.80001;Normal;0.01526356;6.09957
